7 0.152630 0.603911 0.118807 0.228880
2 0.507225 0.832624 0.103306 0.325478
2 0.484226 0.496403 0.063405 0.146309
7 0.434646 0.214906 0.057422 0.112099
2 0.255634 0.331474 0.053648 0.094350
2 0.467031 0.352709 0.058315 0.128228
2 0.341385 0.326427 0.047847 0.091028
2 0.347507 0.242182 0.037416 0.069694
7 0.304344 0.499002 0.091459 0.200288
7 0.194275 0.818441 0.204502 0.349681
2 0.291237 0.191144 0.032287 0.055693
5 0.194561 0.818330 0.204229 0.348796
3 0.224125 0.598928 0.039883 0.096218
7 0.336812 0.127264 0.030693 0.080170
2 0.289448 0.124452 0.026951 0.045028
2 0.239251 0.158699 0.032784 0.055186
0 0.225997 0.570433 0.022513 0.052538
0 0.223882 0.565458 0.018142 0.042280
25 0.972463 0.129188 0.054438 0.045223
