2 0.265563 0.732394 0.112354 0.251656
2 0.476845 0.900279 0.115585 0.192318
2 0.495566 0.549124 0.077621 0.212011
2 0.337817 0.424278 0.061847 0.127198
2 0.240556 0.398278 0.062398 0.131778
7 0.475062 0.359672 0.074194 0.175387
2 0.032458 0.941405 0.064577 0.111989
2 0.345848 0.287117 0.040749 0.076704
7 0.186692 0.587697 0.097481 0.190106
2 0.417074 0.199495 0.031469 0.052701
2 0.444740 0.264383 0.043635 0.070378
7 0.329732 0.092730 0.044544 0.107103
2 0.291463 0.144775 0.027359 0.046421
2 0.186624 0.587350 0.097425 0.189674
2 0.343016 0.204215 0.032158 0.055753
2 0.405549 0.170137 0.034714 0.050717
25 0.971392 0.178998 0.056524 0.144123
0 0.079115 0.616117 0.011583 0.049984
2 0.388447 0.139554 0.027445 0.045395
2 0.240120 0.165690 0.029906 0.042664
25 0.971404 0.129727 0.056342 0.043347
