2 0.488566 0.619609 0.082185 0.191990
2 0.487503 0.454990 0.069159 0.167706
2 0.157954 0.950330 0.122653 0.094266
2 0.261306 0.323523 0.051147 0.107264
2 0.348192 0.320204 0.047583 0.092514
7 0.468820 0.324704 0.071979 0.158866
2 0.240697 0.434406 0.068424 0.133555
2 0.351208 0.238994 0.038731 0.071720
2 0.841135 0.587247 0.119692 0.181809
7 0.314612 0.525163 0.077574 0.185965
7 0.157797 0.621344 0.098936 0.176576
7 0.324315 0.057977 0.033210 0.088627
2 0.439528 0.255899 0.036871 0.069670
2 0.417400 0.200958 0.032279 0.050697
2 0.007381 0.977365 0.014724 0.042839
2 0.334728 0.133505 0.024982 0.042639
2 0.341377 0.179963 0.029013 0.049675
2 0.372967 0.081894 0.024998 0.036825
2 0.405672 0.169789 0.035299 0.050973
0 0.079270 0.615287 0.011942 0.049427
2 0.290718 0.043241 0.016939 0.023304
2 0.387118 0.138374 0.028246 0.045873
2 0.237143 0.158255 0.036932 0.056417
