2 0.514983 0.805785 0.088801 0.260428
2 0.334916 0.269629 0.041237 0.076790
2 0.458607 0.278274 0.043957 0.070306
2 0.409105 0.160828 0.032279 0.050858
2 0.279140 0.238692 0.031476 0.062852
2 0.359128 0.058621 0.019202 0.027893
2 0.336829 0.172668 0.029722 0.049252
2 0.329215 0.080867 0.020857 0.035800
2 0.337874 0.127443 0.026553 0.042269
2 0.344038 0.019608 0.013916 0.019850
2 0.301454 0.034224 0.015500 0.025150
0 0.103035 0.572400 0.010498 0.046041
2 0.239441 0.164520 0.031159 0.044700
2 0.026125 0.974856 0.051609 0.047221
0 0.078758 0.615781 0.011893 0.049411
25 0.971755 0.178822 0.055812 0.143751
25 0.971767 0.129606 0.055757 0.044254
2 0.315882 0.009313 0.013434 0.018626
2 0.236543 0.157518 0.037805 0.056778
