2 0.487712 0.678912 0.084692 0.225989
2 0.292896 0.575580 0.086010 0.180338
2 0.480791 0.428590 0.058880 0.133481
2 0.449286 0.277025 0.047806 0.076092
2 0.260295 0.328028 0.058534 0.110639
2 0.065682 0.878628 0.130877 0.235268
2 0.340529 0.292700 0.041600 0.084356
2 0.282260 0.235100 0.038317 0.065235
2 0.417328 0.200298 0.036119 0.058557
2 0.343117 0.184800 0.030463 0.051707
2 0.927265 0.492323 0.115229 0.154110
2 0.391055 0.124009 0.027721 0.043045
2 0.288416 0.163306 0.028988 0.050568
2 0.336193 0.127839 0.024966 0.044995
0 0.103087 0.571943 0.010449 0.047278
0 0.178207 0.178178 0.009849 0.047880
2 0.238750 0.158249 0.033455 0.056871
2 0.364317 0.054687 0.017205 0.028067
2 0.293694 0.085746 0.023325 0.036831
2 0.326892 0.057849 0.018300 0.035930
