2 0.490020 0.829473 0.100064 0.297739
2 0.272111 0.708447 0.106878 0.228374
2 0.486245 0.491330 0.065450 0.154213
2 0.470265 0.344809 0.053357 0.093483
2 0.329883 0.404326 0.056868 0.119660
2 0.446640 0.276562 0.045100 0.075015
2 0.029303 0.946333 0.058177 0.101964
7 0.330540 0.071490 0.036755 0.091566
2 0.279444 0.281689 0.043883 0.079642
2 0.423960 0.207159 0.036821 0.060422
7 0.205024 0.510010 0.086407 0.157777
2 0.347069 0.204004 0.030737 0.057337
2 0.397544 0.135157 0.027308 0.045830
2 0.235644 0.158013 0.039855 0.057619
0 0.165599 0.206639 0.010893 0.050563
0 0.103187 0.572526 0.010481 0.045498
2 0.369652 0.075405 0.022712 0.035279
25 0.971829 0.129726 0.055663 0.045242
0 0.078792 0.615996 0.011283 0.049758
0 0.122346 0.533439 0.008977 0.043682
0 0.054689 0.665857 0.012745 0.050608
