2 0.501118 0.492503 0.069927 0.142414
2 0.502096 0.924637 0.093072 0.143942
2 0.273851 0.718780 0.098864 0.209302
2 0.338935 0.482769 0.064425 0.133410
2 0.165563 0.602144 0.107445 0.198603
2 0.458451 0.293598 0.045711 0.083969
2 0.343002 0.347597 0.046182 0.095026
2 0.277454 0.254469 0.040622 0.070846
2 0.427748 0.220019 0.035728 0.060878
0 0.143929 0.270277 0.015507 0.057226
2 0.287556 0.156285 0.028175 0.047424
2 0.394726 0.149271 0.032158 0.057235
2 0.342416 0.154535 0.029431 0.049916
2 0.237088 0.157505 0.037587 0.055778
2 0.339040 0.271046 0.041453 0.091739
2 0.378377 0.092299 0.023412 0.036203
2 0.345691 0.224354 0.036801 0.073183
2 0.176136 0.980559 0.127447 0.035945
7 0.365948 0.053677 0.023867 0.048706
2 0.335244 0.119440 0.023845 0.032192
25 0.971919 0.128854 0.055444 0.044786
2 0.292023 0.035955 0.014454 0.021205
