5 0.119875 0.695720 0.238854 0.585182
2 0.470932 0.354015 0.051435 0.105927
2 0.334516 0.317736 0.048399 0.090857
2 0.413212 0.177849 0.035070 0.058811
2 0.337147 0.240418 0.038569 0.067631
2 0.335494 0.148787 0.027565 0.045945
2 0.291468 0.144372 0.025225 0.042406
2 0.287656 0.200910 0.031965 0.056727
2 0.375559 0.090737 0.024614 0.041410
2 0.358785 0.057083 0.019772 0.028083
2 0.329160 0.096651 0.022926 0.036113
2 0.239380 0.164267 0.031843 0.045283
2 0.325816 0.061127 0.017134 0.027855
2 0.349272 0.023686 0.015906 0.024723
2 0.291759 0.062288 0.018789 0.027529
2 0.319690 0.028069 0.015689 0.025712
