7 0.261018 0.685079 0.135738 0.292960
2 0.504213 0.839947 0.104188 0.303181
2 0.436377 0.232902 0.037255 0.061940
7 0.472942 0.365851 0.063027 0.129944
2 0.327966 0.484430 0.061808 0.126621
2 0.348039 0.234020 0.036526 0.064804
2 0.412139 0.170137 0.032722 0.046593
2 0.337571 0.148817 0.027288 0.047775
0 0.014672 0.398539 0.020130 0.068437
7 0.284115 0.214035 0.043825 0.099814
2 0.236401 0.156431 0.038109 0.056169
2 0.376830 0.090884 0.023587 0.034591
2 0.336977 0.099357 0.023236 0.041881
2 0.392863 0.120913 0.027490 0.040995
2 0.288712 0.120640 0.024510 0.040221
2 0.329633 0.066529 0.020175 0.037470
2 0.347815 0.033502 0.016917 0.026253
2 0.294015 0.043099 0.016345 0.023835
2 0.318032 0.012243 0.015823 0.022042
25 0.971657 0.128805 0.055970 0.044920
