2 0.511962 0.655387 0.076943 0.229699
2 0.494048 0.452289 0.060007 0.128692
2 0.799747 0.910066 0.120767 0.173118
2 0.303025 0.599911 0.083936 0.176412
2 0.468753 0.335231 0.049806 0.102057
2 0.038632 0.935489 0.076634 0.121168
2 0.220218 0.463111 0.075435 0.127911
2 0.341055 0.186136 0.029440 0.053681
2 0.402968 0.143749 0.029218 0.047015
7 0.341888 0.297894 0.051675 0.113054
2 0.285484 0.180445 0.030129 0.058496
2 0.235736 0.158224 0.039339 0.058050
7 0.427439 0.216979 0.046483 0.077329
2 0.320750 0.038704 0.015451 0.026605
2 0.386381 0.103634 0.026206 0.036757
7 0.289515 0.036940 0.021087 0.036241
2 0.374867 0.077747 0.022620 0.030957
25 0.971676 0.130256 0.056004 0.044503
