2 0.813205 0.719845 0.114583 0.229398
2 0.485478 0.475252 0.063278 0.149653
2 0.484924 0.728029 0.097247 0.251829
2 0.468284 0.334041 0.052769 0.093669
2 0.334663 0.403869 0.054923 0.107570
7 0.180817 0.553745 0.100795 0.178562
2 0.262538 0.330286 0.052391 0.090665
2 0.441166 0.259892 0.043536 0.073504
2 0.031124 0.944361 0.061779 0.105975
2 0.414795 0.184071 0.034151 0.055615
2 0.343038 0.267746 0.039552 0.077464
2 0.234332 0.835473 0.131003 0.294674
2 0.290378 0.192324 0.032903 0.057146
2 0.340122 0.137783 0.024648 0.044443
7 0.234550 0.835058 0.130858 0.294715
2 0.386838 0.106712 0.023899 0.038544
2 0.236208 0.158079 0.038349 0.056911
0 0.103167 0.571678 0.010175 0.046896
0 0.170947 0.194387 0.010660 0.047787
2 0.360516 0.053347 0.020067 0.032470
0 0.078866 0.615425 0.011634 0.049513
2 0.326949 0.061009 0.027007 0.039720
7 0.327130 0.062139 0.028276 0.037031
