2 0.760337 0.923142 0.114442 0.147262
2 0.315287 0.522111 0.071657 0.172114
2 0.346577 0.390478 0.054310 0.121846
2 0.471955 0.398396 0.057548 0.135629
2 0.454769 0.287675 0.048499 0.086188
2 0.350570 0.277267 0.040965 0.080454
7 0.424148 0.197378 0.045167 0.096942
2 0.197660 0.972088 0.104812 0.053877
2 0.193361 0.531214 0.092587 0.170429
0 0.096226 0.314504 0.017200 0.061541
7 0.322338 0.037015 0.025078 0.064077
0 0.053778 0.392642 0.020706 0.081371
2 0.341977 0.166593 0.028150 0.050725
2 0.371545 0.083664 0.019634 0.035021
2 0.349140 0.219895 0.036563 0.059733
0 0.176045 0.179096 0.012059 0.044437
2 0.238046 0.162009 0.034404 0.049317
2 0.292200 0.117223 0.028001 0.049986
2 0.385965 0.118145 0.026857 0.047532
2 0.401231 0.170065 0.023862 0.050547
0 0.102916 0.572169 0.010576 0.046014
