2 0.239545 0.858979 0.122226 0.272903
2 0.502856 0.672419 0.085652 0.250703
2 0.091673 0.789783 0.153662 0.282071
2 0.479424 0.410315 0.053893 0.119697
7 0.423882 0.183266 0.055193 0.100213
2 0.871289 0.585852 0.095164 0.169600
7 0.273115 0.277554 0.050017 0.102132
2 0.345078 0.241447 0.036519 0.069847
2 0.447905 0.280492 0.051382 0.106114
7 0.302242 0.518925 0.103191 0.289984
2 0.288773 0.143580 0.028000 0.048805
2 0.343000 0.154731 0.029076 0.050817
0 0.305190 0.201114 0.015164 0.052962
5 0.334106 0.348319 0.062008 0.132751
2 0.293102 0.058989 0.018230 0.029577
0 0.079622 0.615101 0.011041 0.049074
2 0.240215 0.164168 0.030206 0.046180
0 0.103569 0.571554 0.009313 0.047038
7 0.324486 0.040034 0.019468 0.047371
7 0.334044 0.348893 0.062040 0.132115
