2 0.523228 0.790418 0.094125 0.278865
2 0.056028 0.864867 0.111762 0.262576
2 0.309540 0.643549 0.088869 0.196761
2 0.328703 0.477090 0.062098 0.132263
2 0.475265 0.411700 0.052488 0.112323
2 0.333761 0.346598 0.049579 0.112300
2 0.200186 0.961748 0.110342 0.074103
2 0.425333 0.235380 0.040795 0.074934
2 0.406541 0.167537 0.032685 0.055263
0 0.159908 0.223000 0.013974 0.045523
2 0.349968 0.274424 0.040645 0.082457
2 0.278232 0.268796 0.040906 0.065547
2 0.348948 0.207817 0.033911 0.059218
2 0.292950 0.131096 0.027960 0.039589
7 0.388310 0.106449 0.031079 0.065137
2 0.342409 0.156622 0.030885 0.051249
2 0.237382 0.158852 0.035722 0.054733
2 0.356226 0.047780 0.017602 0.025434
0 0.102520 0.571594 0.010231 0.047564
2 0.344921 0.020186 0.013567 0.022916
25 0.971557 0.129763 0.056166 0.044861
2 0.292503 0.059621 0.018175 0.030791
0 0.078542 0.615074 0.012123 0.051182
2 0.371142 0.081398 0.016423 0.033793
25 0.971506 0.179593 0.056302 0.145247
