2 0.504595 0.707811 0.073494 0.227416
2 0.338856 0.193143 0.032736 0.056358
7 0.260256 0.278517 0.104574 0.299946
2 0.421300 0.182168 0.035658 0.070282
2 0.299940 0.119078 0.026700 0.041255
2 0.295943 0.062063 0.019809 0.031417
2 0.360917 0.051523 0.018479 0.029805
2 0.238934 0.158691 0.029677 0.059287
2 0.153612 0.941664 0.133767 0.115533
2 0.330286 0.078977 0.025253 0.039111
2 0.318015 0.013524 0.017274 0.024297
0 0.231351 0.333310 0.015405 0.022204
7 0.345383 0.014338 0.017419 0.028459
0 0.103712 0.572507 0.009490 0.046019
7 0.329983 0.068020 0.025466 0.059735
