2 0.488528 0.607209 0.080053 0.189872
7 0.443245 0.237020 0.063267 0.121471
2 0.196640 0.495563 0.085506 0.147170
2 0.331004 0.460895 0.062071 0.134615
2 0.483837 0.437791 0.069019 0.161488
2 0.283169 0.273935 0.041852 0.073553
2 0.349741 0.289119 0.041698 0.080648
7 0.050527 0.883021 0.100617 0.226794
2 0.288487 0.184681 0.033585 0.056977
7 0.340752 0.168055 0.036210 0.100590
2 0.227597 0.808908 0.153255 0.361141
7 0.227697 0.809255 0.153663 0.361125
2 0.348211 0.022989 0.015107 0.024736
0 0.079546 0.615578 0.011378 0.048999
2 0.293058 0.078703 0.022139 0.036941
0 0.055587 0.666596 0.012690 0.050542
2 0.330597 0.083345 0.019517 0.040563
2 0.240003 0.159415 0.031928 0.054670
25 0.972346 0.129171 0.054669 0.044716
