2 0.501042 0.712616 0.085363 0.237676
2 0.894063 0.560407 0.105363 0.154386
2 0.303650 0.528463 0.077362 0.165549
2 0.488900 0.485379 0.058543 0.134492
2 0.236270 0.400817 0.066468 0.113513
2 0.467530 0.362417 0.052631 0.106025
2 0.342063 0.193442 0.032202 0.059564
2 0.098070 0.737023 0.127286 0.226824
2 0.409977 0.170453 0.033313 0.052116
2 0.336041 0.130082 0.026524 0.045027
2 0.346231 0.308541 0.047373 0.111014
7 0.450973 0.244020 0.042041 0.085824
2 0.394852 0.133885 0.029901 0.049894
2 0.325329 0.068627 0.019048 0.033967
2 0.236683 0.157894 0.037705 0.056336
7 0.291500 0.067780 0.024497 0.050417
0 0.103090 0.571060 0.010779 0.047359
7 0.374947 0.098623 0.027177 0.050853
25 0.971476 0.177903 0.056225 0.141372
