2 0.497586 0.475814 0.062706 0.146383
2 0.492314 0.696483 0.086783 0.256764
2 0.333424 0.431208 0.063349 0.124234
2 0.279462 0.671152 0.101506 0.223079
2 0.879314 0.604661 0.117532 0.202442
7 0.469741 0.327215 0.061508 0.147606
2 0.126531 0.672819 0.132124 0.238845
7 0.326336 0.059174 0.027546 0.076556
0 0.145596 0.277051 0.016307 0.063735
2 0.278178 0.274779 0.039959 0.064553
2 0.421821 0.216917 0.035493 0.059465
2 0.343281 0.188009 0.033814 0.066957
2 0.402865 0.166108 0.030236 0.056403
2 0.291387 0.166421 0.029799 0.053461
0 0.159085 0.220286 0.012164 0.049257
2 0.347953 0.286963 0.041319 0.093758
2 0.436166 0.277075 0.032902 0.074421
0 0.193802 0.134292 0.007910 0.034549
2 0.235479 0.159136 0.040648 0.057947
2 0.292430 0.091652 0.022976 0.035887
2 0.388645 0.111383 0.029159 0.049590
