2 0.511792 0.845195 0.097806 0.301852
2 0.473835 0.359952 0.052864 0.109817
2 0.064376 0.866130 0.128435 0.258421
2 0.501093 0.498889 0.063163 0.145132
2 0.409172 0.159042 0.030536 0.050700
2 0.344270 0.246094 0.035736 0.066176
7 0.333065 0.369038 0.063011 0.135490
2 0.272870 0.269515 0.044280 0.087871
2 0.259847 0.787924 0.118223 0.269005
2 0.325338 0.066947 0.019270 0.030143
7 0.436785 0.242871 0.050138 0.085998
2 0.389350 0.112037 0.027913 0.037780
2 0.239485 0.158597 0.032358 0.055445
7 0.289594 0.052542 0.022332 0.046945
0 0.102704 0.571392 0.010571 0.048359
2 0.376382 0.084865 0.021635 0.027083
2 0.365429 0.067061 0.019652 0.030771
2 0.318870 0.029868 0.014509 0.022367
