2 0.230286 0.873123 0.125816 0.243333
2 0.528868 0.878047 0.112833 0.234309
2 0.327271 0.554657 0.074582 0.163444
2 0.338406 0.401782 0.052966 0.110587
2 0.483259 0.419505 0.054841 0.121516
2 0.449600 0.293224 0.042165 0.077105
2 0.151604 0.629181 0.113119 0.196636
2 0.257214 0.322334 0.051390 0.081727
2 0.409572 0.188562 0.036050 0.065888
2 0.337161 0.298317 0.042076 0.095546
0 0.148822 0.246217 0.013489 0.048738
2 0.347124 0.187085 0.033404 0.053091
2 0.237143 0.158096 0.036852 0.056250
0 0.078687 0.614825 0.012577 0.049525
2 0.291147 0.105078 0.022465 0.037903
2 0.390758 0.123733 0.027708 0.048471
2 0.339428 0.142721 0.026042 0.039409
2 0.349644 0.252802 0.035744 0.067462
2 0.346209 0.022251 0.014531 0.021001
25 0.971709 0.129837 0.055919 0.045594
2 0.294906 0.046705 0.017422 0.026221
2 0.360463 0.051929 0.017022 0.032488
0 0.102624 0.571613 0.009916 0.046739
