2 0.795381 0.730670 0.125773 0.242008
2 0.492634 0.669623 0.085444 0.243371
2 0.312114 0.534868 0.077314 0.164068
2 0.495730 0.458288 0.060994 0.140836
2 0.345302 0.358432 0.052671 0.098802
2 0.241746 0.382209 0.064502 0.122944
7 0.466749 0.315258 0.061537 0.144192
2 0.081997 0.777839 0.148813 0.255650
2 0.347992 0.250156 0.038102 0.083214
0 0.138904 0.290198 0.016459 0.065174
2 0.416880 0.203375 0.035050 0.059163
2 0.433313 0.265186 0.033455 0.073029
7 0.325902 0.054383 0.027361 0.073578
2 0.288688 0.182427 0.032141 0.056256
0 0.191213 0.139757 0.008342 0.035199
2 0.235674 0.159245 0.039503 0.057642
2 0.291463 0.115384 0.025466 0.042697
2 0.399607 0.157343 0.029521 0.052042
2 0.342623 0.169451 0.031979 0.061129
0 0.155557 0.231870 0.012480 0.049552
0 0.103265 0.573277 0.010177 0.045107
2 0.383463 0.098216 0.028164 0.050147
0 0.117017 0.278326 0.013698 0.045873
2 0.292530 0.063866 0.018844 0.030697
