2 0.318430 0.551466 0.075302 0.169777
2 0.489061 0.618427 0.081517 0.192826
7 0.465599 0.311429 0.068939 0.155318
2 0.487205 0.457567 0.069816 0.164475
2 0.269814 0.312674 0.052210 0.093139
2 0.018193 0.958873 0.035949 0.077840
2 0.343133 0.171839 0.028879 0.040300
2 0.289292 0.173321 0.030196 0.055522
7 0.342914 0.252883 0.046254 0.129206
2 0.219347 0.489332 0.084374 0.138820
2 0.376527 0.083989 0.022947 0.035835
2 0.236593 0.158449 0.038253 0.056610
2 0.288294 0.109726 0.023695 0.048740
7 0.219403 0.489117 0.084436 0.138473
0 0.079237 0.615851 0.011835 0.049610
2 0.353851 0.046937 0.015411 0.020245
2 0.338406 0.133412 0.025803 0.052939
2 0.326069 0.065241 0.017135 0.036523
2 0.293105 0.065242 0.017619 0.032926
1 0.292077 0.227469 0.015537 0.048897
25 0.972442 0.130134 0.054465 0.045850
