2 0.793794 0.911020 0.119263 0.170324
2 0.503373 0.790686 0.095335 0.270827
2 0.490272 0.507317 0.060065 0.139271
2 0.190776 0.922888 0.124907 0.148547
2 0.116790 0.709093 0.131820 0.230668
2 0.471264 0.375467 0.053706 0.118487
2 0.338693 0.285471 0.043583 0.084038
2 0.414615 0.182441 0.033950 0.056020
2 0.456791 0.259542 0.044351 0.089745
2 0.342206 0.177291 0.032068 0.055086
2 0.315589 0.499983 0.077308 0.183538
7 0.315956 0.499904 0.077047 0.184226
2 0.399585 0.143811 0.031260 0.056178
2 0.329317 0.097126 0.021601 0.034330
0 0.103118 0.571667 0.010501 0.046243
7 0.378346 0.105649 0.030497 0.055976
2 0.292489 0.038175 0.014696 0.025441
2 0.236686 0.160784 0.037277 0.052494
25 0.971722 0.130178 0.055865 0.045144
2 0.290209 0.112559 0.030238 0.062136
2 0.325960 0.062636 0.016656 0.025497
25 0.971594 0.178960 0.056009 0.142491
2 0.321827 0.036851 0.017264 0.023374
