2 0.518129 0.823596 0.090958 0.282410
7 0.225112 0.406708 0.116861 0.200504
2 0.136229 0.652141 0.116390 0.203487
2 0.311976 0.499079 0.069779 0.147808
2 0.438889 0.279045 0.045515 0.075511
2 0.344920 0.283453 0.042554 0.079924
2 0.488649 0.423104 0.060268 0.128764
2 0.405451 0.164435 0.031407 0.053518
2 0.338260 0.104974 0.023249 0.036650
2 0.327691 0.073206 0.018693 0.028927
2 0.236867 0.157990 0.037419 0.057516
2 0.291092 0.122578 0.025412 0.041919
2 0.322624 0.036897 0.015471 0.026663
7 0.272650 0.258333 0.054951 0.128140
5 0.272904 0.258051 0.054461 0.127163
2 0.287519 0.178138 0.033948 0.070110
2 0.381600 0.104756 0.029994 0.058309
2 0.012160 0.985591 0.024189 0.026411
7 0.381382 0.104959 0.029490 0.058353
