2 0.219898 0.872003 0.141566 0.246555
2 0.499123 0.493635 0.064328 0.152529
2 0.488073 0.741292 0.107201 0.288484
2 0.308182 0.549007 0.082923 0.168040
2 0.795254 0.932808 0.116023 0.130537
2 0.237543 0.413634 0.068847 0.120619
2 0.345124 0.347148 0.049449 0.120769
7 0.472449 0.338115 0.062598 0.153195
2 0.282701 0.242336 0.038320 0.071521
2 0.345814 0.219441 0.036247 0.076848
7 0.326605 0.064039 0.027975 0.076743
0 0.148322 0.264678 0.016300 0.058276
2 0.425974 0.230285 0.037288 0.063545
2 0.407116 0.176693 0.031525 0.053288
0 0.161878 0.212544 0.011426 0.046936
2 0.292961 0.130913 0.026941 0.042638
2 0.340511 0.146887 0.028628 0.050883
2 0.235348 0.158938 0.040364 0.057648
2 0.438911 0.285634 0.033232 0.080679
0 0.195855 0.128069 0.008206 0.032978
0 0.231001 0.094255 0.009475 0.038372
25 0.971639 0.131447 0.056086 0.045343
0 0.128503 0.254301 0.013138 0.042879
7 0.391191 0.120709 0.030568 0.056571
1 0.705919 0.246955 0.057272 0.081410
25 0.971493 0.179676 0.056293 0.141536
