5 0.157450 0.763277 0.314283 0.451286
7 0.270553 0.290561 0.071188 0.140679
2 0.343634 0.335972 0.048028 0.095422
2 0.495208 0.942952 0.088999 0.109056
2 0.428250 0.234021 0.041135 0.066197
2 0.190323 0.511842 0.088659 0.139980
2 0.403547 0.163849 0.033601 0.057893
2 0.119072 0.694809 0.104757 0.227690
2 0.475971 0.387037 0.054850 0.102889
2 0.337864 0.182843 0.029829 0.058172
2 0.329857 0.112849 0.025747 0.041449
7 0.287533 0.153290 0.035858 0.088834
2 0.382120 0.121797 0.025768 0.038934
2 0.236592 0.158575 0.038491 0.057205
2 0.326330 0.045875 0.019042 0.027618
7 0.287670 0.062195 0.029250 0.049851
2 0.374205 0.088073 0.022259 0.034114
25 0.972174 0.130018 0.054967 0.045364
0 0.079091 0.616198 0.011567 0.048729
2 0.291424 0.064131 0.021566 0.045027
