2 0.328166 0.269019 0.040562 0.072822
2 0.310788 0.412024 0.056609 0.113258
2 0.377417 0.091858 0.023870 0.037276
2 0.407550 0.150234 0.030283 0.052374
2 0.333173 0.094252 0.022742 0.034893
2 0.294357 0.056093 0.016166 0.027017
2 0.340775 0.163925 0.028430 0.042944
2 0.238640 0.160712 0.037362 0.053254
2 0.323238 0.034683 0.015676 0.029515
2 0.348627 0.021815 0.014587 0.023309
7 0.292430 0.113722 0.029321 0.058141
2 0.292455 0.113300 0.029440 0.058081
25 0.971547 0.128382 0.056218 0.044216
2 0.339156 0.147368 0.025799 0.032092
25 0.971378 0.177648 0.056454 0.142247
