2 0.520403 0.787597 0.089922 0.280142
2 0.315361 0.482075 0.068144 0.138688
2 0.210432 0.496059 0.083872 0.138599
2 0.474079 0.414785 0.056313 0.126814
2 0.441036 0.253982 0.040390 0.070624
2 0.063427 0.858540 0.126745 0.273005
2 0.339729 0.222760 0.034394 0.068785
2 0.389745 0.126387 0.027707 0.044487
2 0.236572 0.157864 0.038315 0.057380
0 0.103092 0.572078 0.010259 0.046616
0 0.078926 0.615885 0.011937 0.049643
7 0.295056 0.042088 0.026862 0.045929
0 0.055305 0.666220 0.013329 0.050370
25 0.971789 0.130007 0.055768 0.045792
