7 0.118414 0.697417 0.235111 0.577684
2 0.224793 0.888970 0.133407 0.213387
2 0.297203 0.471362 0.064692 0.135635
2 0.416563 0.184117 0.033722 0.059939
2 0.487134 0.442145 0.060721 0.154972
2 0.332073 0.094955 0.028118 0.052859
2 0.289649 0.224056 0.036582 0.067384
7 0.342381 0.261599 0.049844 0.145852
2 0.238734 0.159214 0.033174 0.053962
2 0.380757 0.091620 0.028121 0.050799
2 0.321556 0.041288 0.017142 0.027852
2 0.293284 0.057670 0.020159 0.040299
7 0.359072 0.040261 0.025769 0.046733
2 0.943166 0.515588 0.103638 0.112156
2 0.317405 0.012848 0.013012 0.022252
