2 0.503935 0.680483 0.087603 0.255741
2 0.214186 0.924059 0.127734 0.146445
2 0.056538 0.891770 0.112513 0.206916
2 0.480854 0.429768 0.056342 0.123580
2 0.779258 0.929870 0.101429 0.136276
7 0.426538 0.191591 0.057199 0.102361
7 0.296074 0.544699 0.109874 0.309550
7 0.252749 0.340916 0.062399 0.124562
2 0.344334 0.268303 0.040266 0.073090
2 0.331956 0.358542 0.065184 0.135336
0 0.301380 0.255949 0.017528 0.062353
2 0.454155 0.301401 0.054248 0.111876
2 0.346072 0.189101 0.033455 0.059344
2 0.284550 0.182221 0.031896 0.056721
7 0.326823 0.056454 0.023078 0.057392
2 0.292059 0.086307 0.021926 0.036358
2 0.239461 0.160328 0.031385 0.052197
0 0.079390 0.615050 0.010845 0.048574
2 0.292707 0.046694 0.017517 0.022445
0 0.103485 0.571442 0.009207 0.047306
0 0.055918 0.665994 0.013429 0.051888
