2 0.062020 0.863163 0.123660 0.262764
2 0.487256 0.494477 0.063602 0.142194
2 0.439545 0.253148 0.042884 0.074284
2 0.470981 0.355277 0.047468 0.095590
2 0.333448 0.207369 0.034275 0.058276
0 0.044268 0.437983 0.020132 0.084293
2 0.288787 0.141571 0.025854 0.042550
2 0.412847 0.162090 0.032023 0.060648
2 0.392965 0.126452 0.027009 0.045334
2 0.376815 0.099338 0.025494 0.042807
2 0.333678 0.107023 0.021931 0.036625
2 0.288073 0.094100 0.021636 0.035235
2 0.354841 0.038325 0.014993 0.022189
0 0.102811 0.571519 0.010687 0.047690
7 0.268962 0.307107 0.050817 0.101245
2 0.268955 0.306929 0.050508 0.101166
2 0.239608 0.161098 0.031034 0.050752
2 0.329134 0.067294 0.022180 0.042107
2 0.145464 0.981815 0.096932 0.034007
2 0.363477 0.070406 0.022761 0.044927
25 0.971811 0.129454 0.055685 0.044925
2 0.319336 0.034825 0.014769 0.022723
2 0.316191 0.031890 0.012833 0.027702
