7 0.250262 0.346567 0.095035 0.168967
2 0.520346 0.713916 0.083519 0.240954
2 0.299266 0.631682 0.088390 0.193594
2 0.181189 0.543151 0.093962 0.163667
2 0.440822 0.247244 0.045129 0.079457
2 0.082023 0.824400 0.150144 0.305171
2 0.473573 0.364400 0.052039 0.112227
2 0.340479 0.289373 0.040812 0.083130
2 0.401939 0.178132 0.032090 0.051285
2 0.337888 0.175740 0.030982 0.052705
2 0.386036 0.113524 0.025738 0.043296
2 0.331076 0.066099 0.018856 0.030199
7 0.281040 0.210082 0.045246 0.111306
2 0.237857 0.162023 0.035759 0.049201
2 0.289383 0.121369 0.027610 0.057594
2 0.290879 0.066628 0.019569 0.029513
25 0.972165 0.129153 0.054990 0.045497
