2 0.794552 0.684491 0.119757 0.234391
2 0.494989 0.621502 0.076587 0.188248
2 0.482359 0.424560 0.051580 0.111857
2 0.457862 0.317847 0.048543 0.089409
2 0.282740 0.532585 0.075726 0.147673
2 0.268826 0.283905 0.043970 0.078063
2 0.347041 0.214314 0.033733 0.064848
2 0.023093 0.938904 0.045700 0.113818
2 0.285868 0.182365 0.029619 0.050652
2 0.401756 0.148059 0.032514 0.046047
3 0.253402 0.409954 0.024625 0.067266
7 0.432386 0.199140 0.039199 0.072380
2 0.238189 0.158091 0.035466 0.057204
2 0.343500 0.144044 0.030177 0.057997
0 0.254686 0.384663 0.025715 0.066635
2 0.324803 0.071457 0.019521 0.035059
2 0.432488 0.199012 0.039796 0.072189
2 0.333436 0.096538 0.020607 0.036553
0 0.103192 0.571432 0.009962 0.047999
2 0.352342 0.029059 0.014847 0.022985
7 0.367663 0.080780 0.025130 0.049429
0 0.004929 0.504271 0.009858 0.059395
2 0.292526 0.023307 0.013862 0.015056
2 0.318949 0.030750 0.014325 0.026635
7 0.385503 0.113418 0.028700 0.050161
