2 0.214860 0.835136 0.123671 0.265635
5 0.287248 0.128537 0.044232 0.129071
2 0.456944 0.314916 0.047893 0.088475
2 0.204251 0.508603 0.081360 0.143953
2 0.235953 0.157755 0.039503 0.057056
2 0.375607 0.095863 0.024548 0.039988
2 0.324399 0.050355 0.019532 0.030876
2 0.351471 0.032668 0.017074 0.027217
0 0.102986 0.571223 0.009930 0.047715
0 0.078816 0.615961 0.011470 0.049862
2 0.319121 0.022113 0.014698 0.020154
0 0.054716 0.666306 0.013158 0.048668
0 0.122205 0.532848 0.008862 0.044169
25 0.971520 0.129804 0.056275 0.045135
2 0.338376 0.006798 0.016028 0.013596
7 0.285393 0.048389 0.031538 0.041191
2 0.292936 0.047111 0.016394 0.026329
25 0.971459 0.178750 0.056390 0.144017
