2 0.488985 0.619697 0.082033 0.192549
2 0.330581 0.496563 0.065856 0.135716
2 0.158296 0.634368 0.115303 0.205443
2 0.486355 0.456185 0.070274 0.166866
7 0.468715 0.325987 0.071261 0.163001
2 0.343988 0.297589 0.043913 0.100084
2 0.269423 0.281054 0.041506 0.075040
2 0.435912 0.236355 0.043147 0.065840
5 0.768890 0.840279 0.187759 0.300149
0 0.246317 0.564965 0.034538 0.078471
2 0.404751 0.165520 0.030150 0.048695
2 0.292328 0.202873 0.033500 0.064831
7 0.230558 0.413292 0.068018 0.135569
3 0.244356 0.603937 0.029046 0.083015
2 0.927001 0.480263 0.087148 0.149361
73 0.025952 0.722550 0.013014 0.050170
2 0.346856 0.220545 0.037593 0.081042
2 0.371089 0.094265 0.024254 0.036779
7 0.314295 0.013297 0.020565 0.026594
1 0.707215 0.246390 0.058346 0.079733
2 0.299128 0.102137 0.026260 0.046436
2 0.385926 0.123889 0.027909 0.042949
2 0.350931 0.052902 0.018949 0.026112
3 0.027260 0.942410 0.054090 0.110961
2 0.333098 0.110679 0.021866 0.036052
2 0.239106 0.160145 0.033169 0.054306
0 0.018188 0.940826 0.036130 0.110929
2 0.346728 0.016136 0.014785 0.026318
