5 0.845609 0.574779 0.257089 0.476820
2 0.489101 0.617642 0.082539 0.193977
2 0.071119 0.845344 0.141965 0.300401
7 0.261703 0.676037 0.132473 0.354576
7 0.468524 0.324286 0.072585 0.161060
2 0.487348 0.454660 0.068874 0.166622
2 0.243700 0.399083 0.065149 0.117113
2 0.349452 0.321014 0.045362 0.083474
2 0.422077 0.201881 0.036819 0.056692
3 0.199658 0.554740 0.028785 0.079503
2 0.283433 0.181651 0.029582 0.055209
2 0.389782 0.124297 0.024996 0.039101
0 0.055754 0.665992 0.013355 0.051442
2 0.346300 0.231083 0.032977 0.060017
0 0.197745 0.516751 0.031266 0.082120
7 0.272744 0.271820 0.042620 0.090499
2 0.272648 0.271769 0.042479 0.090176
2 0.297232 0.129050 0.026869 0.046878
0 0.079285 0.616166 0.011759 0.050559
2 0.373323 0.088979 0.023241 0.035018
2 0.360318 0.066025 0.017577 0.030957
2 0.346575 0.030935 0.014740 0.024053
0 0.198118 0.502682 0.028782 0.054747
2 0.240355 0.165236 0.029998 0.044534
2 0.328645 0.082688 0.018797 0.031589
2 0.315057 0.042738 0.017590 0.033469
2 0.342323 0.168655 0.031515 0.049083
0 0.313441 0.262432 0.016569 0.058371
