2 0.488630 0.616516 0.081580 0.194252
2 0.486707 0.454837 0.068764 0.166857
5 0.768699 0.721258 0.288134 0.533986
7 0.470096 0.323642 0.074740 0.161476
2 0.343938 0.393485 0.052809 0.106675
2 0.210140 0.498514 0.084243 0.149730
2 0.429376 0.220730 0.038346 0.061969
2 0.277787 0.225203 0.034574 0.065191
3 0.131240 0.726968 0.044088 0.114124
7 0.257446 0.334640 0.051684 0.111197
2 0.397412 0.145930 0.027216 0.042150
2 0.294871 0.161953 0.029822 0.054158
3 0.299352 0.388691 0.019479 0.058633
2 0.345879 0.267302 0.037979 0.063830
0 0.297372 0.363486 0.021432 0.055618
7 0.173557 0.879122 0.185386 0.231645
0 0.129419 0.687785 0.039447 0.105939
2 0.237263 0.158502 0.036734 0.055091
2 0.344051 0.192930 0.034344 0.062380
2 0.339014 0.146913 0.026396 0.033819
2 0.329478 0.093627 0.018391 0.032751
2 0.349055 0.040983 0.016898 0.026251
2 0.306389 0.067129 0.021059 0.040760
0 0.079009 0.615624 0.012524 0.050168
2 0.380174 0.105630 0.024475 0.040441
2 0.364470 0.079151 0.020233 0.032632
