7 0.216370 0.828257 0.170912 0.330657
7 0.090485 0.718451 0.167491 0.339189
2 0.310241 0.567370 0.075532 0.152047
2 0.350836 0.367868 0.050797 0.096520
2 0.437978 0.241089 0.042659 0.063316
2 0.269673 0.303828 0.049112 0.082663
2 0.472235 0.360044 0.048486 0.107517
2 0.346179 0.259303 0.038074 0.069830
0 0.077888 0.337886 0.017435 0.061174
2 0.413487 0.171629 0.033318 0.052787
2 0.495924 0.843949 0.108023 0.304733
7 0.496312 0.843111 0.107834 0.303012
2 0.327511 0.069624 0.021347 0.031628
2 0.291083 0.059362 0.019230 0.029707
2 0.396091 0.134346 0.028459 0.045174
2 0.345258 0.196550 0.030344 0.053604
2 0.237261 0.156983 0.036722 0.057737
2 0.291525 0.126178 0.025532 0.045340
2 0.364952 0.073051 0.021624 0.039676
2 0.356732 0.040563 0.017327 0.028456
2 0.338609 0.149887 0.027153 0.052114
2 0.324971 0.039036 0.018159 0.026546
1 0.728357 0.238909 0.021190 0.069413
