2 0.216061 0.732571 0.111246 0.236014
2 0.475692 0.408328 0.051871 0.109477
2 0.405051 0.145898 0.029383 0.045317
2 0.370477 0.074861 0.021847 0.032671
2 0.332391 0.107904 0.023195 0.039667
2 0.327197 0.070791 0.018733 0.034290
2 0.288550 0.108679 0.020749 0.038641
2 0.274799 0.290352 0.046819 0.086847
2 0.235721 0.158558 0.039157 0.056361
0 0.103185 0.572829 0.010528 0.046034
0 0.078907 0.617063 0.012076 0.049609
2 0.320194 0.026165 0.016773 0.026336
2 0.239362 0.165650 0.031740 0.043677
25 0.971535 0.179391 0.056237 0.144113
2 0.337825 0.006337 0.014346 0.012675
0 0.054757 0.666261 0.012732 0.051302
25 0.971559 0.130032 0.056122 0.044655
0 0.122329 0.533982 0.008579 0.041721
