2 0.276319 0.683244 0.094004 0.207052
2 0.470529 0.355966 0.051594 0.100403
2 0.063175 0.881747 0.125883 0.229980
5 0.339730 0.154670 0.052934 0.146420
2 0.337280 0.363256 0.047747 0.097022
2 0.424874 0.223494 0.035724 0.057779
2 0.266648 0.310705 0.050041 0.085820
2 0.404582 0.172962 0.032022 0.052392
7 0.483111 0.623944 0.118182 0.334376
2 0.192962 0.543338 0.088975 0.185889
2 0.236891 0.157832 0.037506 0.057107
7 0.292891 0.069289 0.030100 0.055860
2 0.387778 0.139667 0.025181 0.046363
2 0.323965 0.061284 0.017688 0.029558
0 0.079444 0.615285 0.011726 0.049305
2 0.383557 0.104643 0.023845 0.028668
25 0.971898 0.178236 0.055390 0.141999
25 0.972099 0.129501 0.055100 0.044859
0 0.055608 0.666711 0.012978 0.050087
2 0.354694 0.045136 0.019379 0.028404
2 0.318882 0.031992 0.015438 0.025196
