2 0.230718 0.893505 0.132981 0.205209
7 0.239452 0.373284 0.104730 0.183264
2 0.498534 0.508237 0.064142 0.146150
2 0.165217 0.582466 0.101408 0.177178
2 0.061321 0.880212 0.122110 0.232080
2 0.334016 0.374609 0.052127 0.109381
2 0.464374 0.316016 0.051944 0.097928
2 0.417078 0.220253 0.039208 0.058796
2 0.342622 0.221438 0.036811 0.064074
7 0.276478 0.234522 0.051631 0.119444
2 0.393990 0.135792 0.027665 0.045386
2 0.288359 0.150251 0.030743 0.061829
2 0.334402 0.083118 0.019607 0.031984
2 0.291064 0.093414 0.021920 0.035217
2 0.236658 0.157965 0.037881 0.057031
0 0.079073 0.616755 0.011500 0.048950
2 0.325443 0.060341 0.018306 0.029341
2 0.238866 0.163995 0.033227 0.045590
