2 0.215136 0.906434 0.130003 0.181482
2 0.495686 0.526968 0.064294 0.157735
2 0.318950 0.598346 0.080569 0.177176
2 0.333646 0.438056 0.058375 0.120358
2 0.462071 0.344470 0.047684 0.090833
2 0.191866 0.506111 0.084630 0.140284
0 0.155316 0.234129 0.013389 0.046099
2 0.416811 0.210861 0.039314 0.070593
2 0.335274 0.314855 0.046669 0.103048
2 0.397883 0.144888 0.030027 0.050513
2 0.290238 0.166218 0.029406 0.050157
2 0.349338 0.258988 0.037783 0.079546
2 0.348406 0.199724 0.034736 0.053534
2 0.294132 0.081578 0.021960 0.032823
2 0.339684 0.149882 0.027674 0.046933
2 0.238515 0.161249 0.034144 0.049815
0 0.103099 0.572355 0.010883 0.046647
25 0.971534 0.129386 0.056250 0.044870
25 0.971415 0.178779 0.056366 0.143276
7 0.381907 0.092476 0.027341 0.059532
2 0.295118 0.039780 0.016706 0.018293
