2 0.291546 0.567371 0.082464 0.171109
2 0.479646 0.457073 0.061866 0.139512
2 0.321200 0.391701 0.057479 0.110771
2 0.438376 0.239596 0.043621 0.075638
2 0.273280 0.286951 0.043041 0.074870
2 0.289319 0.208110 0.032179 0.057876
2 0.340948 0.221491 0.034333 0.061668
2 0.334249 0.144723 0.028061 0.048522
2 0.389992 0.131101 0.029184 0.043624
2 0.330871 0.092648 0.021323 0.035776
2 0.370529 0.084897 0.022520 0.034665
2 0.237432 0.157928 0.036470 0.057004
0 0.102777 0.571422 0.010725 0.047095
2 0.318578 0.025919 0.016241 0.025059
2 0.028762 0.911109 0.057221 0.172404
2 0.326776 0.052386 0.017239 0.027315
2 0.357716 0.043494 0.019816 0.027644
2 0.293139 0.098135 0.023911 0.040335
0 0.187481 0.154148 0.010302 0.042498
0 0.078587 0.615082 0.012184 0.050342
25 0.971779 0.129415 0.055765 0.045284
0 0.122263 0.533065 0.008974 0.043798
9 0.028642 0.910562 0.057054 0.170942
