2 0.282175 0.520178 0.076205 0.150204
2 0.144245 0.935989 0.127493 0.123741
2 0.439559 0.230872 0.039073 0.071554
2 0.402191 0.143502 0.031095 0.049019
2 0.338088 0.265232 0.040225 0.075032
2 0.341060 0.159078 0.028805 0.057087
2 0.294158 0.088916 0.019761 0.032066
2 0.361727 0.048777 0.018399 0.029111
2 0.240052 0.159265 0.034345 0.056131
2 0.329651 0.071251 0.015733 0.021502
7 0.290327 0.170944 0.035609 0.074254
2 0.292180 0.051512 0.018714 0.026296
2 0.320427 0.015912 0.014667 0.024157
2 0.328169 0.041979 0.016412 0.025313
0 0.104855 0.571705 0.009477 0.045341
25 0.971797 0.128429 0.055726 0.044802
