5 0.323348 0.323159 0.090396 0.274075
2 0.508326 0.775075 0.093995 0.254168
2 0.209862 0.469839 0.079330 0.137588
2 0.427277 0.231874 0.040183 0.063706
2 0.197132 0.946239 0.112698 0.102402
2 0.464398 0.345428 0.046178 0.087124
2 0.141916 0.673618 0.117178 0.236361
2 0.391566 0.149937 0.029574 0.044817
2 0.341350 0.166573 0.028954 0.044375
2 0.324643 0.062333 0.019307 0.033207
2 0.330397 0.106908 0.022401 0.036170
2 0.383831 0.111213 0.025104 0.042031
2 0.022713 0.983598 0.044969 0.030628
7 0.291769 0.061714 0.023849 0.057205
2 0.239282 0.161857 0.031564 0.051078
2 0.318193 0.022726 0.015477 0.025856
2 0.371594 0.094119 0.019678 0.039818
7 0.288181 0.165591 0.047116 0.089555
2 0.371272 0.099612 0.017274 0.028224
2 0.360203 0.052809 0.019406 0.039073
25 0.972157 0.129967 0.054993 0.045869
0 0.079340 0.615664 0.011442 0.049493
2 0.378815 0.102866 0.023044 0.034889
0 0.103213 0.572096 0.009086 0.045879
2 0.008681 0.963359 0.017111 0.026755
