2 0.264155 0.828272 0.125308 0.286089
2 0.494748 0.820654 0.090535 0.256262
2 0.321573 0.523212 0.068582 0.144445
2 0.079383 0.813074 0.158766 0.280730
2 0.446220 0.291481 0.048388 0.096174
2 0.264269 0.337321 0.054857 0.086999
2 0.328910 0.404016 0.057681 0.123894
2 0.349999 0.331513 0.047767 0.098668
2 0.425859 0.214419 0.039334 0.066918
7 0.401444 0.139672 0.035783 0.079291
0 0.165964 0.204935 0.013046 0.044979
2 0.349961 0.232188 0.036082 0.052486
0 0.030932 0.371913 0.018271 0.069062
2 0.356038 0.042874 0.017297 0.027959
7 0.319424 0.023026 0.021097 0.046052
0 0.102878 0.571683 0.010778 0.046809
25 0.971516 0.179481 0.056281 0.144805
2 0.291867 0.132992 0.026672 0.047195
2 0.238163 0.159086 0.034103 0.055359
25 0.971542 0.129658 0.056187 0.044178
0 0.078526 0.615027 0.011985 0.049716
2 0.368556 0.074600 0.021568 0.035875
2 0.346917 0.176666 0.032945 0.052397
2 0.292266 0.033819 0.018130 0.031694
