2 0.503815 0.708025 0.088760 0.266650
2 0.482892 0.462061 0.058510 0.135572
2 0.778926 0.948935 0.108312 0.096939
7 0.195032 0.497260 0.095500 0.183262
2 0.269117 0.274488 0.044398 0.077903
2 0.463228 0.336947 0.057817 0.122535
7 0.431688 0.206131 0.058608 0.107203
7 0.248996 0.732059 0.159503 0.449032
2 0.342946 0.303496 0.044324 0.081095
3 0.268391 0.443860 0.028381 0.069976
2 0.346836 0.229534 0.035784 0.067430
2 0.323885 0.425531 0.070969 0.165177
2 0.291697 0.154558 0.028104 0.048822
0 0.269197 0.418797 0.025114 0.070038
7 0.334120 0.103954 0.027570 0.070898
2 0.239707 0.159104 0.032181 0.054813
0 0.103748 0.572373 0.009195 0.045619
2 0.291236 0.096428 0.023447 0.038317
0 0.079746 0.616117 0.011213 0.048322
0 0.055986 0.666866 0.013079 0.050551
