7 0.065429 0.822682 0.129381 0.329871
2 0.260764 0.747473 0.101526 0.240747
2 0.501294 0.645344 0.083779 0.239335
2 0.470596 0.346806 0.049217 0.100448
2 0.196312 0.543010 0.097412 0.175474
7 0.308526 0.492246 0.096114 0.269121
7 0.403696 0.139613 0.044349 0.085016
2 0.427291 0.214699 0.043392 0.084439
2 0.339151 0.150183 0.027806 0.049504
5 0.339744 0.283036 0.051465 0.113570
2 0.332852 0.083295 0.021747 0.036009
2 0.240181 0.159849 0.030701 0.054429
2 0.291619 0.080049 0.020954 0.033802
2 0.290904 0.172603 0.033523 0.071737
7 0.318722 0.013107 0.016127 0.026213
0 0.079606 0.616270 0.010757 0.048975
