2 0.111531 0.737454 0.137137 0.235070
2 0.198099 0.890225 0.141678 0.211847
2 0.492037 0.549046 0.070394 0.172082
2 0.462499 0.329240 0.046514 0.087054
2 0.412634 0.179459 0.034224 0.057116
2 0.329190 0.350230 0.049106 0.102154
2 0.325613 0.036324 0.019282 0.025881
0 0.103032 0.571659 0.010201 0.047013
2 0.239593 0.164095 0.031655 0.045808
2 0.237547 0.157661 0.037080 0.058088
2 0.294141 0.067466 0.030405 0.056175
25 0.971639 0.129848 0.056039 0.044727
7 0.294022 0.067662 0.030605 0.056038
25 0.971551 0.178994 0.056208 0.143960
