2 0.348213 0.401894 0.054835 0.107493
2 0.304839 0.592068 0.077988 0.161638
7 0.201378 0.853538 0.181204 0.281624
2 0.486197 0.448495 0.055820 0.122395
2 0.450983 0.278942 0.047185 0.072917
2 0.345850 0.289876 0.040345 0.080283
2 0.421806 0.191732 0.035002 0.055348
2 0.228138 0.430049 0.071360 0.119683
0 0.097559 0.319442 0.016447 0.058281
2 0.332021 0.094237 0.022944 0.036893
2 0.403933 0.153566 0.028812 0.046511
2 0.289618 0.178886 0.030560 0.055538
2 0.343076 0.220315 0.033012 0.057064
2 0.371484 0.090969 0.023123 0.044207
2 0.290565 0.088430 0.021373 0.033451
0 0.102729 0.571780 0.010216 0.046169
2 0.236940 0.156835 0.037290 0.056278
2 0.326532 0.061210 0.017542 0.029046
2 0.361653 0.051953 0.016836 0.030268
2 0.291316 0.050877 0.017247 0.026621
