5 0.230051 0.679997 0.241404 0.628257
7 0.277058 0.253303 0.065767 0.124629
2 0.497930 0.601323 0.067362 0.168086
2 0.457952 0.317348 0.049878 0.082881
2 0.345914 0.262141 0.041436 0.074662
2 0.411418 0.196775 0.036509 0.056208
0 0.233789 0.854705 0.032854 0.090615
2 0.334704 0.148907 0.027569 0.050590
2 0.186814 0.506281 0.077817 0.128657
2 0.127311 0.688184 0.104562 0.243451
2 0.328044 0.091730 0.023291 0.036890
2 0.393397 0.140141 0.029137 0.053000
2 0.236570 0.163842 0.037623 0.045860
2 0.324267 0.038316 0.020973 0.028610
2 0.378485 0.105579 0.027520 0.036877
7 0.289868 0.120445 0.031793 0.076852
0 0.055389 0.666238 0.013021 0.048819
0 0.079312 0.615920 0.011337 0.049723
25 0.971776 0.178578 0.055764 0.144707
2 0.292277 0.043450 0.018647 0.033186
0 0.103510 0.572046 0.008610 0.045376
