2 0.498272 0.672233 0.082289 0.210755
2 0.486498 0.457311 0.056065 0.123876
2 0.463809 0.342250 0.051195 0.099032
3 0.075553 0.857785 0.066991 0.204301
2 0.223293 0.430237 0.067217 0.116496
2 0.405300 0.157234 0.031415 0.050189
2 0.145169 0.966393 0.106006 0.062766
2 0.273690 0.261509 0.042056 0.071911
2 0.339969 0.321423 0.046252 0.095293
2 0.338601 0.135319 0.026603 0.046249
2 0.349657 0.206983 0.038768 0.079293
2 0.237101 0.157507 0.037187 0.056709
2 0.322549 0.049592 0.016846 0.026466
7 0.442695 0.223028 0.039535 0.078173
2 0.329967 0.096452 0.024257 0.038439
0 0.103108 0.571981 0.010218 0.046968
25 0.971683 0.129451 0.055920 0.045173
25 0.971585 0.178586 0.056031 0.142975
7 0.292035 0.036108 0.018695 0.039074
2 0.390168 0.121146 0.028560 0.058277
