2 0.212026 0.906218 0.127939 0.183151
2 0.493242 0.599885 0.076280 0.200951
7 0.338595 0.248334 0.066172 0.181389
2 0.480898 0.397600 0.056495 0.115473
2 0.454722 0.297981 0.047689 0.082765
2 0.436523 0.238523 0.040601 0.065563
2 0.397020 0.142186 0.029783 0.048592
2 0.419986 0.194084 0.032773 0.055924
2 0.334405 0.133735 0.027095 0.041121
2 0.238172 0.158581 0.034936 0.056670
0 0.102830 0.571612 0.010259 0.047312
0 0.078635 0.615169 0.011652 0.049426
2 0.347425 0.035849 0.014588 0.024001
2 0.373045 0.071779 0.022047 0.041407
0 0.153956 0.243337 0.011591 0.051044
0 0.054871 0.666574 0.013104 0.049839
2 0.359460 0.057386 0.016274 0.022204
0 0.122170 0.532329 0.008634 0.043945
2 0.317606 0.016067 0.014121 0.019069
25 0.971785 0.129696 0.055739 0.045175
2 0.359865 0.052120 0.017709 0.033285
