7 0.799040 0.727225 0.177290 0.423485
2 0.488601 0.619205 0.084126 0.197886
2 0.219755 0.482286 0.073528 0.127703
2 0.272143 0.665931 0.098720 0.209756
2 0.334669 0.331901 0.049780 0.093044
2 0.473858 0.370337 0.054192 0.130469
2 0.430003 0.228465 0.042356 0.065405
2 0.401572 0.159604 0.031632 0.052394
2 0.339379 0.199237 0.032010 0.060177
2 0.098140 0.771218 0.126302 0.223974
2 0.377780 0.092051 0.023403 0.037133
2 0.285865 0.224632 0.038213 0.063801
2 0.339256 0.128556 0.022932 0.041727
2 0.238427 0.157830 0.034130 0.056585
0 0.103133 0.571574 0.010636 0.047018
2 0.289135 0.164692 0.030486 0.048275
2 0.292293 0.110642 0.023621 0.040075
0 0.054930 0.665543 0.014200 0.050767
2 0.293853 0.051208 0.018424 0.028211
0 0.078496 0.615154 0.011642 0.049185
0 0.181589 0.170024 0.009821 0.044770
2 0.354661 0.033963 0.015722 0.023477
2 0.329800 0.082793 0.020107 0.037059
2 0.321877 0.035958 0.014994 0.025967
