7 0.439223 0.225060 0.060983 0.117455
2 0.486017 0.564041 0.069438 0.170452
2 0.233213 0.400000 0.066370 0.114794
2 0.339573 0.374262 0.051155 0.106997
7 0.091605 0.746009 0.157808 0.297681
2 0.348220 0.258066 0.039408 0.072980
2 0.289322 0.229928 0.036396 0.063870
7 0.474605 0.385685 0.061296 0.142857
2 0.145760 0.944483 0.158541 0.106796
7 0.339663 0.150287 0.032590 0.087497
2 0.288967 0.154215 0.030202 0.051905
7 0.277474 0.607900 0.114208 0.252490
2 0.293275 0.054889 0.017409 0.026461
2 0.238303 0.159295 0.035109 0.054173
