2 0.313681 0.595814 0.079127 0.187281
2 0.489095 0.617971 0.082100 0.192399
7 0.451423 0.257800 0.066603 0.129889
2 0.140883 0.628691 0.113329 0.196533
2 0.878512 0.563950 0.111304 0.194065
2 0.486888 0.455630 0.070531 0.165270
2 0.347653 0.342939 0.047782 0.098099
2 0.273235 0.327628 0.050024 0.087071
2 0.287250 0.218312 0.037900 0.065653
2 0.161357 0.960324 0.141879 0.073704
7 0.342815 0.188172 0.037863 0.105254
2 0.292824 0.106886 0.024329 0.039958
2 0.356321 0.040781 0.017598 0.023296
2 0.239404 0.157975 0.033025 0.056258
2 0.289637 0.058019 0.019045 0.036595
2 0.334713 0.102721 0.022614 0.044123
2 0.332723 0.093089 0.020133 0.033918
