2 0.336097 0.107908 0.023092 0.040299
7 0.289112 0.066336 0.033818 0.079083
2 0.106780 0.975688 0.100906 0.044975
2 0.321224 0.404904 0.060424 0.125823
2 0.315281 0.019047 0.013560 0.017171
0 0.103106 0.572243 0.010243 0.046301
2 0.238560 0.161851 0.032765 0.049651
3 0.308472 0.171474 0.016139 0.045395
0 0.078808 0.615926 0.011640 0.049028
25 0.971690 0.129337 0.055905 0.044997
25 0.971653 0.178942 0.056010 0.145217
0 0.122272 0.533259 0.008594 0.042647
0 0.153555 0.469590 0.008080 0.038250
2 0.234908 0.153673 0.040229 0.049121
