2 0.315127 0.520085 0.077184 0.160806
2 0.481363 0.729412 0.095543 0.248260
7 0.472324 0.337806 0.076361 0.171017
2 0.488992 0.482752 0.072046 0.182357
2 0.348579 0.329643 0.049366 0.097169
2 0.248064 0.377003 0.057244 0.122712
2 0.185729 0.962582 0.118830 0.070260
7 0.328718 0.080915 0.040515 0.099309
2 0.345414 0.242376 0.037298 0.066401
7 0.062943 0.865740 0.125743 0.261412
2 0.340880 0.175481 0.029901 0.051493
7 0.210532 0.525099 0.084272 0.165332
2 0.416963 0.199708 0.032190 0.052283
2 0.210630 0.525257 0.084594 0.165193
2 0.441857 0.257051 0.040941 0.070521
2 0.290797 0.101294 0.024414 0.038820
0 0.079213 0.616198 0.011255 0.048686
25 0.971568 0.178622 0.056179 0.144362
2 0.405699 0.170016 0.035209 0.050757
2 0.235766 0.158063 0.038800 0.056963
25 0.971662 0.129010 0.055967 0.044384
2 0.389524 0.138601 0.029930 0.047201
2 0.366223 0.080101 0.020467 0.032979
