2 0.238132 0.852243 0.141518 0.284990
2 0.099626 0.795761 0.147886 0.284920
2 0.320703 0.476846 0.063428 0.131193
7 0.487306 0.495080 0.105867 0.261402
2 0.460171 0.314618 0.047145 0.083149
2 0.419364 0.206967 0.033310 0.054238
2 0.342816 0.290013 0.040490 0.077007
2 0.280447 0.257038 0.041960 0.071383
7 0.337788 0.126816 0.047732 0.128547
2 0.405511 0.170230 0.035441 0.050512
7 0.496823 0.880340 0.107552 0.225013
2 0.214638 0.484065 0.077558 0.160639
0 0.079282 0.616974 0.011547 0.049409
25 0.971945 0.178645 0.055421 0.143757
2 0.236526 0.158042 0.039040 0.057559
0 0.055939 0.666735 0.014129 0.050981
7 0.292461 0.048562 0.026637 0.051403
2 0.388236 0.139768 0.026435 0.047712
0 0.103639 0.572920 0.009594 0.044955
25 0.972042 0.129761 0.055180 0.045195
0 0.489345 0.517625 0.025119 0.032647
2 0.319021 0.022834 0.015822 0.024370
