2 0.506481 0.845931 0.103293 0.296467
2 0.329630 0.462113 0.059145 0.127049
2 0.447904 0.268106 0.043738 0.076350
2 0.349578 0.285876 0.039836 0.084292
2 0.237553 0.418583 0.065432 0.110361
2 0.423887 0.199832 0.036539 0.067232
2 0.345558 0.195635 0.031047 0.054268
7 0.396556 0.143703 0.033396 0.061390
2 0.287816 0.125557 0.027499 0.047463
2 0.320933 0.028600 0.015405 0.025921
2 0.486330 0.374329 0.051993 0.122751
7 0.486273 0.374414 0.052244 0.122355
2 0.239365 0.163788 0.031468 0.046100
2 0.359446 0.054323 0.016409 0.028950
0 0.102890 0.571207 0.009678 0.048487
7 0.330391 0.094433 0.027487 0.052746
25 0.971524 0.179242 0.056261 0.143951
2 0.292926 0.081582 0.019818 0.033909
2 0.293323 0.029097 0.014854 0.026967
2 0.368851 0.071620 0.017726 0.022950
0 0.078674 0.615025 0.011501 0.049295
2 0.237305 0.157319 0.036305 0.058417
25 0.971511 0.129929 0.056238 0.044644
