2 0.512192 0.673782 0.080817 0.245157
7 0.265492 0.549300 0.208517 0.641978
2 0.294559 0.079764 0.020707 0.032683
2 0.238489 0.158029 0.035849 0.057237
2 0.293534 0.140254 0.027127 0.057419
0 0.103254 0.572346 0.010890 0.047308
5 0.268959 0.266387 0.074811 0.164335
2 0.353556 0.039027 0.016892 0.019690
5 0.265980 0.548866 0.209123 0.642758
7 0.268382 0.266106 0.075501 0.164149
2 0.353109 0.031845 0.017216 0.033373
25 0.971415 0.179352 0.056489 0.144435
25 0.971445 0.129665 0.056367 0.044088
0 0.153752 0.469484 0.008793 0.039680
