2 0.258803 0.679286 0.095250 0.190317
2 0.479404 0.389609 0.053616 0.105966
2 0.453395 0.288212 0.042894 0.073809
2 0.279927 0.275654 0.044174 0.082734
2 0.510178 0.735243 0.103375 0.281202
2 0.425771 0.215135 0.038126 0.064970
2 0.374648 0.093512 0.023768 0.042701
2 0.324924 0.098262 0.021718 0.034928
2 0.404210 0.142123 0.028767 0.053103
2 0.294206 0.140707 0.028757 0.056916
7 0.332054 0.331947 0.051307 0.115018
0 0.103060 0.571300 0.010580 0.047055
2 0.239154 0.158002 0.033513 0.056727
7 0.359140 0.060203 0.023212 0.042266
2 0.386394 0.116574 0.021428 0.045681
0 0.078338 0.384907 0.018106 0.069538
7 0.288406 0.058821 0.021465 0.054661
2 0.321411 0.046587 0.015836 0.030500
0 0.078832 0.615323 0.011496 0.049613
0 0.122200 0.532959 0.009029 0.043809
