2 0.308565 0.586772 0.078128 0.167933
2 0.217643 0.953691 0.111029 0.088987
2 0.436425 0.240706 0.042897 0.073383
2 0.350474 0.345476 0.047320 0.105103
2 0.456232 0.326590 0.051154 0.106637
2 0.328742 0.425109 0.057890 0.136384
0 0.010427 0.440526 0.020793 0.078965
7 0.408228 0.158668 0.039339 0.083380
2 0.350928 0.243193 0.037422 0.066241
2 0.287277 0.199368 0.033305 0.063161
0 0.056071 0.347695 0.017982 0.071797
2 0.177080 0.587817 0.102117 0.178300
7 0.176896 0.588050 0.102608 0.177268
0 0.168872 0.196055 0.013008 0.042588
7 0.320191 0.028045 0.022996 0.056090
2 0.235881 0.158380 0.039451 0.058115
2 0.374669 0.089707 0.023114 0.037869
2 0.348341 0.186916 0.033551 0.054909
0 0.102791 0.571945 0.010664 0.046482
2 0.361838 0.057387 0.017178 0.028696
2 0.338858 0.144155 0.026833 0.057143
2 0.389071 0.130777 0.020538 0.043353
25 0.971485 0.179572 0.056213 0.141974
25 0.971588 0.130629 0.056139 0.044543
2 0.291572 0.054056 0.020258 0.038595
0 0.122411 0.533592 0.009179 0.044658
