2 0.488882 0.617393 0.082539 0.193970
7 0.468587 0.324220 0.072518 0.160372
2 0.151869 0.628269 0.118114 0.208692
2 0.266282 0.321543 0.051632 0.093092
7 0.306045 0.487585 0.090470 0.239662
2 0.486882 0.455713 0.069118 0.165824
5 0.910973 0.449238 0.177545 0.282788
2 0.349631 0.268232 0.039677 0.069726
2 0.411613 0.175110 0.033743 0.053126
2 0.280934 0.218733 0.034257 0.074204
2 0.286677 0.148010 0.026050 0.046136
3 0.238909 0.434802 0.024163 0.061008
0 0.237625 0.408162 0.025281 0.069299
2 0.020142 0.981975 0.039751 0.033563
2 0.380140 0.102296 0.023378 0.034893
2 0.343022 0.197955 0.030906 0.069234
2 0.240297 0.164876 0.030629 0.045486
2 0.326606 0.069625 0.017298 0.028855
2 0.342222 0.022100 0.013461 0.016259
2 0.365336 0.072863 0.020198 0.032061
2 0.317922 0.027632 0.014047 0.026738
2 0.298647 0.102698 0.026164 0.042832
2 0.333750 0.110802 0.023021 0.042210
2 0.353872 0.052503 0.014951 0.022325
0 0.314505 0.189433 0.015894 0.052384
0 0.056188 0.667051 0.013456 0.050980
0 0.079428 0.617027 0.011550 0.048639
3 0.238112 0.423015 0.025130 0.063053
2 0.333104 0.103336 0.022197 0.037475
1 0.706537 0.244344 0.059621 0.079803
2 0.340208 0.147315 0.027952 0.037718
