2 0.492686 0.869514 0.108332 0.254183
2 0.484002 0.409397 0.055375 0.123003
7 0.059398 0.854480 0.117995 0.276904
2 0.270975 0.306426 0.046013 0.078517
2 0.433141 0.206451 0.035026 0.057340
2 0.343200 0.288803 0.033595 0.074184
2 0.291216 0.176629 0.031211 0.054916
2 0.237450 0.159249 0.039834 0.057282
2 0.341567 0.191934 0.032802 0.055748
2 0.331021 0.099835 0.023080 0.039791
2 0.383648 0.098469 0.024365 0.035090
2 0.319621 0.025893 0.015915 0.025403
25 0.971727 0.128648 0.055837 0.044567
25 0.971613 0.177662 0.055993 0.142150
