2 0.491735 0.639245 0.082089 0.227305
2 0.493088 0.436030 0.059408 0.132121
2 0.331315 0.443054 0.063206 0.131405
2 0.349696 0.313076 0.047847 0.086954
2 0.927387 0.478955 0.095473 0.148707
2 0.226008 0.440373 0.072369 0.116056
7 0.461766 0.297473 0.059952 0.136128
2 0.427774 0.249492 0.030527 0.068798
7 0.324271 0.048181 0.025923 0.072097
2 0.412490 0.190251 0.032926 0.055984
2 0.347483 0.225664 0.034925 0.077062
0 0.152704 0.242710 0.013179 0.050602
2 0.290640 0.128897 0.026417 0.044031
2 0.275789 0.246392 0.044789 0.081212
2 0.395037 0.146661 0.026839 0.047929
2 0.341074 0.159364 0.029699 0.058329
7 0.765330 0.864369 0.152159 0.259381
2 0.236586 0.158626 0.038092 0.056537
2 0.291504 0.083164 0.021783 0.036356
0 0.130435 0.302107 0.017160 0.064154
0 0.236675 0.082426 0.007979 0.032173
2 0.378055 0.086953 0.023662 0.042561
2 0.354266 0.038509 0.015361 0.025726
0 0.103364 0.572510 0.010321 0.046556
2 0.293404 0.042631 0.015792 0.023102
