7 0.173185 0.527091 0.156650 0.281720
2 0.442516 0.260650 0.043772 0.076264
2 0.471216 0.467527 0.060035 0.130881
2 0.041150 0.915860 0.081471 0.159552
2 0.188156 0.946182 0.113230 0.103010
2 0.345307 0.168675 0.029041 0.045938
7 0.258755 0.309164 0.069912 0.153710
2 0.318958 0.486177 0.070492 0.145983
2 0.334499 0.105860 0.023440 0.040560
2 0.289340 0.173566 0.030710 0.048783
2 0.401988 0.159297 0.036344 0.073444
2 0.238420 0.158255 0.034940 0.055996
2 0.284338 0.224771 0.036974 0.084146
2 0.325388 0.052872 0.018891 0.031459
25 0.972511 0.130436 0.054306 0.046891
