2 0.507029 0.527255 0.063651 0.147576
2 0.302109 0.488363 0.070666 0.144638
2 0.130123 0.666674 0.101837 0.182878
2 0.342032 0.314719 0.046208 0.085191
2 0.459450 0.291011 0.046564 0.081260
2 0.341627 0.191382 0.033653 0.056995
2 0.396488 0.146286 0.030121 0.047517
2 0.367604 0.068594 0.021583 0.037974
0 0.102861 0.573220 0.010365 0.044526
2 0.239568 0.164546 0.030910 0.046192
2 0.325861 0.059434 0.019028 0.032459
2 0.294307 0.111012 0.024077 0.041670
2 0.291941 0.055720 0.017827 0.028262
2 0.134906 0.987867 0.078920 0.020312
25 0.971858 0.130015 0.055574 0.044592
25 0.971814 0.179078 0.055685 0.143606
