2 0.272476 0.695062 0.103314 0.236547
2 0.062879 0.883154 0.125236 0.226473
2 0.228761 0.441057 0.073266 0.128875
2 0.489010 0.519386 0.067544 0.165901
2 0.472554 0.352112 0.053348 0.096687
2 0.488465 0.949473 0.098555 0.097997
2 0.348187 0.307350 0.041095 0.080257
2 0.407997 0.162954 0.030300 0.050948
2 0.449507 0.283083 0.044142 0.078948
7 0.336688 0.114297 0.041743 0.105958
2 0.429553 0.222016 0.038785 0.064115
2 0.379974 0.099377 0.026291 0.039200
0 0.103054 0.572087 0.010501 0.046500
2 0.237705 0.158712 0.035895 0.057125
0 0.078661 0.615742 0.011207 0.049650
0 0.054755 0.665731 0.012980 0.051066
2 0.359172 0.041289 0.017183 0.028494
0 0.159951 0.216776 0.011835 0.052453
25 0.971570 0.178774 0.056064 0.142094
25 0.971667 0.129535 0.055938 0.044038
