2 0.496715 0.667163 0.076166 0.192987
2 0.247030 0.739847 0.113826 0.261248
2 0.339535 0.361926 0.051091 0.103454
2 0.477171 0.424004 0.057977 0.122704
2 0.424480 0.205923 0.036987 0.060482
7 0.258812 0.309974 0.070274 0.116990
2 0.339486 0.174505 0.028769 0.052585
2 0.335651 0.110091 0.022851 0.042314
2 0.407418 0.162175 0.032941 0.055558
7 0.383723 0.115641 0.032088 0.061568
2 0.290771 0.104868 0.022939 0.037220
2 0.464718 0.286851 0.045923 0.097403
0 0.102747 0.571753 0.009908 0.046602
2 0.327838 0.074656 0.018980 0.031294
2 0.239190 0.160300 0.031658 0.051998
25 0.971614 0.178398 0.056073 0.143106
25 0.971658 0.130130 0.055993 0.045713
0 0.078611 0.615129 0.011111 0.049403
2 0.371377 0.072422 0.021554 0.032138
2 0.319614 0.024297 0.018261 0.033356
