2 0.481127 0.491216 0.066991 0.166487
2 0.242203 0.844186 0.127774 0.300339
2 0.474081 0.345329 0.054197 0.102597
7 0.439519 0.234524 0.051365 0.113021
2 0.329022 0.531958 0.071803 0.173981
2 0.348778 0.311975 0.044170 0.091625
0 0.129799 0.282742 0.014553 0.052996
0 0.086415 0.350085 0.017987 0.071453
2 0.350107 0.240071 0.037688 0.066471
7 0.322456 0.042069 0.025182 0.064421
7 0.283251 0.246948 0.045526 0.078973
0 0.183535 0.163622 0.010630 0.040798
2 0.344537 0.185280 0.031125 0.064524
2 0.396652 0.149861 0.030187 0.047445
2 0.239332 0.161351 0.032034 0.051121
2 0.287675 0.143087 0.025835 0.043223
2 0.291548 0.081762 0.021043 0.039986
2 0.360413 0.044890 0.018420 0.034967
2 0.337075 0.140360 0.026644 0.052086
2 0.382150 0.110683 0.022533 0.042887
2 0.411851 0.203272 0.027894 0.056420
0 0.235441 0.072174 0.007330 0.033415
0 0.102708 0.571376 0.010057 0.048248
25 0.971537 0.130340 0.056240 0.045411
1 0.062373 0.334007 0.026330 0.062169
