2 0.085513 0.772764 0.143134 0.255036
7 0.206345 0.452862 0.130685 0.227236
2 0.261381 0.707073 0.108063 0.232846
2 0.508467 0.620708 0.079940 0.197467
2 0.338303 0.366690 0.053887 0.101583
2 0.459405 0.355465 0.051119 0.095076
7 0.269062 0.280321 0.057678 0.139138
2 0.422077 0.205246 0.036457 0.061503
2 0.341897 0.132290 0.023947 0.039866
2 0.290804 0.149569 0.028492 0.046041
2 0.285580 0.201699 0.038215 0.076580
2 0.324748 0.043188 0.018946 0.031142
2 0.330738 0.089274 0.020344 0.029223
2 0.237106 0.161033 0.037374 0.051602
2 0.390511 0.127637 0.031096 0.063461
0 0.055155 0.665888 0.013121 0.049290
25 0.972186 0.129500 0.054924 0.045369
0 0.079169 0.616253 0.011965 0.050063
