2 0.339411 0.197159 0.032005 0.058310
2 0.473019 0.356386 0.052223 0.098829
2 0.430761 0.227259 0.039738 0.067570
2 0.282487 0.262165 0.039946 0.071641
2 0.390879 0.125858 0.025881 0.041640
2 0.313258 0.568340 0.081362 0.172407
2 0.358455 0.051714 0.017753 0.028621
2 0.328557 0.094170 0.022021 0.040121
2 0.230086 0.420954 0.073289 0.122054
0 0.103342 0.571524 0.010229 0.047804
2 0.236294 0.159413 0.038362 0.054721
7 0.230099 0.421300 0.073263 0.122855
2 0.239266 0.164686 0.032150 0.044660
25 0.971853 0.178488 0.055613 0.143921
0 0.078768 0.615687 0.011914 0.049608
0 0.055469 0.666919 0.014242 0.050710
25 0.971904 0.129244 0.055468 0.044520
