2 0.508197 0.896501 0.109621 0.199554
2 0.316208 0.447219 0.066855 0.137785
2 0.491950 0.547112 0.063735 0.151546
2 0.473927 0.394775 0.055222 0.112272
2 0.419034 0.192883 0.035605 0.056401
2 0.344459 0.248843 0.038435 0.072396
7 0.220729 0.854715 0.146995 0.278831
2 0.333846 0.130196 0.024170 0.042233
7 0.285613 0.184031 0.037414 0.080506
2 0.330749 0.081224 0.020524 0.036633
2 0.291545 0.065484 0.019139 0.030475
7 0.381053 0.114312 0.031621 0.054506
2 0.461049 0.274881 0.044788 0.092353
0 0.102929 0.571101 0.010271 0.047578
2 0.322995 0.052759 0.016383 0.026949
2 0.238903 0.161647 0.032048 0.050319
2 0.403237 0.152546 0.030204 0.056075
0 0.078581 0.615614 0.011783 0.048270
25 0.971563 0.179034 0.056184 0.144038
2 0.317546 0.013596 0.014544 0.022124
2 0.381027 0.114016 0.031129 0.053390
25 0.971587 0.130037 0.056102 0.045098
