2 0.533218 0.854280 0.097063 0.283055
2 0.482526 0.378924 0.054271 0.104730
2 0.337741 0.305444 0.047475 0.082885
2 0.422584 0.205904 0.037521 0.059449
2 0.290957 0.588312 0.087606 0.183107
2 0.290161 0.179062 0.031877 0.054931
2 0.384965 0.108131 0.026215 0.044530
2 0.332135 0.103248 0.022999 0.040227
2 0.292682 0.087211 0.020993 0.034563
2 0.239380 0.158480 0.032658 0.056379
0 0.103098 0.571375 0.010413 0.047272
25 0.971696 0.130591 0.055882 0.046093
25 0.971650 0.179355 0.056011 0.144354
0 0.122312 0.532672 0.008693 0.043474
7 0.317939 0.009564 0.019077 0.019127
