5 0.257455 0.281123 0.101720 0.256095
2 0.494726 0.582180 0.071654 0.179190
2 0.423266 0.193587 0.037421 0.062227
2 0.336073 0.130535 0.026609 0.044044
2 0.375653 0.088949 0.024080 0.037610
2 0.291610 0.102371 0.021333 0.036641
2 0.353352 0.038679 0.016831 0.024433
2 0.291293 0.064210 0.018796 0.029295
2 0.326238 0.065634 0.018293 0.031213
2 0.326114 0.102848 0.022823 0.037103
2 0.319032 0.036618 0.015185 0.024258
0 0.102831 0.572340 0.010288 0.045902
2 0.240917 0.157587 0.036304 0.057408
0 0.194023 0.131943 0.008532 0.036624
2 0.341901 0.016824 0.014320 0.021829
0 0.122202 0.532753 0.008667 0.043869
2 0.239605 0.164586 0.031214 0.044810
2 0.317151 0.023839 0.014573 0.018131
25 0.971622 0.129689 0.056076 0.044948
