2 0.518251 0.634571 0.082229 0.199362
2 0.471710 0.348025 0.048804 0.099648
2 0.333706 0.517525 0.069286 0.144038
2 0.252909 0.801636 0.112469 0.243698
2 0.437290 0.252138 0.039593 0.069034
2 0.341269 0.370231 0.050095 0.099849
2 0.028554 0.954652 0.056640 0.085200
2 0.246825 0.378536 0.061942 0.105338
2 0.337603 0.284873 0.041471 0.092650
2 0.401949 0.168370 0.033286 0.062299
2 0.280163 0.221500 0.036564 0.059386
0 0.146176 0.259244 0.014124 0.048289
2 0.345053 0.170618 0.031915 0.051057
2 0.346856 0.237301 0.038321 0.066682
2 0.237625 0.157476 0.036013 0.056075
2 0.383784 0.107027 0.025807 0.044051
2 0.291450 0.063042 0.017778 0.027981
2 0.336898 0.135797 0.023678 0.032392
2 0.326157 0.061026 0.017762 0.023836
25 0.971913 0.129610 0.055478 0.046231
25 0.971742 0.177967 0.055712 0.142558
