2 0.755948 0.855067 0.120521 0.277665
2 0.488745 0.641113 0.083420 0.203725
2 0.338402 0.394884 0.059318 0.117586
2 0.487510 0.461171 0.068983 0.172282
7 0.469385 0.328751 0.072665 0.163553
2 0.253765 0.352183 0.053823 0.111933
7 0.265010 0.736862 0.117788 0.293665
2 0.351615 0.277071 0.042122 0.081601
7 0.111822 0.730536 0.122507 0.218285
2 0.228588 0.472971 0.074990 0.148311
2 0.338363 0.152391 0.027449 0.048815
2 0.343564 0.207589 0.032689 0.057211
2 0.439323 0.255065 0.035998 0.068397
7 0.326629 0.068789 0.035998 0.092722
2 0.416968 0.199316 0.032139 0.053050
2 0.236447 0.159344 0.037542 0.054070
2 0.290314 0.067494 0.020838 0.033458
2 0.377311 0.093461 0.025120 0.042102
2 0.405033 0.169172 0.034109 0.048799
2 0.388841 0.139388 0.027669 0.045058
2 0.361457 0.065698 0.020044 0.029455
