2 0.817538 0.805267 0.117849 0.270025
7 0.098772 0.743225 0.196599 0.486857
2 0.280949 0.619214 0.082092 0.184607
2 0.281139 0.309925 0.047399 0.093957
7 0.330430 0.366970 0.070648 0.203338
2 0.440750 0.243982 0.041763 0.074617
2 0.326289 0.069480 0.021024 0.032885
2 0.338504 0.148644 0.034792 0.070042
2 0.494892 0.528451 0.071483 0.190632
7 0.372349 0.068025 0.032353 0.061164
2 0.395979 0.130656 0.031873 0.060911
2 0.240214 0.163556 0.030132 0.046625
2 0.293383 0.090374 0.024132 0.049807
2 0.321412 0.031772 0.016875 0.026331
2 0.237180 0.157694 0.037015 0.057072
