7 0.185789 0.536570 0.099415 0.204126
2 0.492285 0.812214 0.108455 0.366139
2 0.307617 0.482860 0.067523 0.134777
2 0.264267 0.333071 0.049761 0.089393
2 0.336807 0.134999 0.027469 0.045381
2 0.291721 0.119304 0.026445 0.040594
2 0.352413 0.037204 0.015186 0.023303
7 0.056599 0.856911 0.112567 0.273283
2 0.236953 0.158487 0.037396 0.057085
0 0.079110 0.617005 0.012096 0.049690
2 0.292451 0.033789 0.014452 0.020173
0 0.055698 0.666935 0.014054 0.050769
25 0.971889 0.129704 0.055542 0.044969
2 0.341423 0.015795 0.013617 0.016357
0 0.103213 0.572762 0.009470 0.045056
