2 0.342270 0.378735 0.053750 0.104376
2 0.404249 0.157295 0.031116 0.051527
2 0.262487 0.320236 0.052647 0.087046
2 0.289205 0.193645 0.032749 0.055529
2 0.442112 0.252130 0.042538 0.066434
2 0.031718 0.940086 0.063206 0.115553
2 0.372566 0.082590 0.022616 0.034163
2 0.333381 0.134206 0.026299 0.046397
2 0.322707 0.056450 0.017492 0.030427
2 0.347899 0.025878 0.016209 0.024581
0 0.103296 0.573152 0.009724 0.045034
2 0.239540 0.161263 0.031461 0.051315
0 0.078934 0.616774 0.011493 0.049658
25 0.971856 0.129636 0.055638 0.044990
0 0.055313 0.666869 0.013825 0.050237
2 0.235394 0.157849 0.040354 0.054576
25 0.971708 0.178199 0.055770 0.141817
