2 0.535111 0.952223 0.104147 0.092126
2 0.487238 0.559583 0.071376 0.186583
2 0.334904 0.135855 0.025020 0.042365
2 0.327010 0.094048 0.021193 0.034996
2 0.329153 0.317641 0.044498 0.088451
2 0.237368 0.156474 0.039890 0.057114
2 0.364575 0.050310 0.020789 0.032198
2 0.327595 0.053292 0.017462 0.031932
2 0.348677 0.026481 0.014653 0.023951
2 0.319801 0.022109 0.015225 0.019190
2 0.292625 0.047646 0.019669 0.031746
25 0.971503 0.176229 0.056192 0.141285
7 0.292409 0.043160 0.020847 0.040512
0 0.057239 0.662546 0.014143 0.052372
25 0.971587 0.127496 0.056142 0.044284
2 0.329853 0.093548 0.021037 0.039434
