2 0.457443 0.320047 0.044817 0.082261
2 0.289882 0.184496 0.033234 0.057791
2 0.357514 0.042721 0.018997 0.026942
2 0.322667 0.302045 0.043722 0.082942
2 0.380785 0.098013 0.024548 0.035934
2 0.327088 0.066620 0.019944 0.032596
2 0.290448 0.072596 0.017671 0.030349
2 0.236266 0.163382 0.038360 0.047886
0 0.102952 0.573342 0.010029 0.044563
2 0.325244 0.044473 0.020737 0.019866
2 0.323278 0.039461 0.021458 0.026097
25 0.972108 0.130607 0.055095 0.045282
2 0.317931 0.035821 0.016744 0.025485
25 0.972032 0.179597 0.055242 0.143917
