2 0.268078 0.830707 0.120357 0.296861
2 0.489019 0.616655 0.082091 0.193993
2 0.729975 0.886783 0.129439 0.217883
7 0.460993 0.286328 0.069593 0.143882
2 0.486350 0.454514 0.069732 0.163543
2 0.067643 0.824255 0.135049 0.280916
2 0.338331 0.427322 0.057588 0.126732
2 0.282531 0.259668 0.041676 0.077055
2 0.252787 0.396263 0.064967 0.108020
7 0.344537 0.213765 0.040260 0.112407
2 0.365598 0.059613 0.020776 0.029815
2 0.291422 0.137545 0.027498 0.045942
2 0.236913 0.157365 0.036897 0.055263
0 0.103549 0.571238 0.010004 0.046388
2 0.289600 0.083636 0.020733 0.043614
2 0.336673 0.115059 0.022870 0.047448
2 0.293946 0.043047 0.014991 0.027562
2 0.346251 0.027409 0.014831 0.023062
