2 0.309188 0.577761 0.086699 0.188621
2 0.504282 0.703500 0.093841 0.294799
2 0.230334 0.431903 0.068712 0.141303
2 0.192480 0.957193 0.117588 0.081966
2 0.452657 0.284804 0.047561 0.077943
7 0.483936 0.406821 0.086468 0.201578
2 0.339409 0.355462 0.047101 0.093840
2 0.416935 0.200338 0.031331 0.050667
2 0.344184 0.240787 0.036183 0.065735
5 0.334339 0.107580 0.045410 0.115971
2 0.151403 0.672481 0.116837 0.228049
2 0.288751 0.198978 0.034001 0.056423
2 0.405833 0.170595 0.035645 0.050742
2 0.239131 0.164050 0.031999 0.045463
0 0.079220 0.615858 0.011468 0.049885
0 0.055700 0.666751 0.013376 0.050176
2 0.389607 0.141275 0.029343 0.042798
25 0.971641 0.178478 0.056032 0.144142
0 0.103415 0.572341 0.009520 0.045300
2 0.322507 0.038860 0.020365 0.025329
25 0.971735 0.129634 0.055823 0.045623
