7 0.230767 0.806251 0.159303 0.379083
7 0.203944 0.450558 0.102281 0.199895
2 0.315345 0.543691 0.070322 0.147073
2 0.351957 0.325420 0.047004 0.089287
2 0.284048 0.217874 0.034153 0.061779
2 0.427797 0.209220 0.039676 0.059526
0 0.058742 0.356222 0.015642 0.068998
2 0.495573 0.576296 0.077865 0.205804
2 0.406572 0.149683 0.030394 0.049574
2 0.345326 0.219738 0.034579 0.063856
2 0.458771 0.304895 0.043710 0.084926
2 0.236204 0.153539 0.038666 0.057159
2 0.359685 0.058024 0.019674 0.032425
2 0.388308 0.114295 0.024592 0.040293
2 0.347043 0.157843 0.029045 0.060494
2 0.324441 0.041838 0.019621 0.032394
2 0.335993 0.122163 0.025067 0.046629
0 0.122468 0.535051 0.009317 0.041840
2 0.292712 0.086798 0.020589 0.038437
2 0.292589 0.036968 0.016281 0.022780
2 0.352198 0.026419 0.015410 0.030137
0 0.102494 0.572003 0.011173 0.045629
