2 0.328523 0.304243 0.044855 0.084161
2 0.328500 0.091205 0.022241 0.038130
2 0.355782 0.046194 0.017732 0.028757
7 0.284426 0.175261 0.051845 0.123139
7 0.288648 0.079720 0.030670 0.060256
0 0.103419 0.572603 0.010200 0.045379
2 0.236488 0.158913 0.037518 0.057156
25 0.972112 0.179044 0.055095 0.144154
1 0.076419 0.765649 0.056416 0.173429
2 0.239610 0.164349 0.030933 0.047028
3 0.076408 0.764214 0.056143 0.175348
25 0.972137 0.129525 0.055004 0.044140
0 0.079068 0.617263 0.011837 0.048693
0 0.122208 0.533319 0.008689 0.042473
