2 0.516559 0.883826 0.110775 0.223062
2 0.486711 0.475587 0.061519 0.135264
2 0.466530 0.325421 0.050428 0.089037
2 0.440418 0.249788 0.038161 0.068761
2 0.417038 0.191040 0.035621 0.063539
2 0.340137 0.251541 0.035812 0.067474
2 0.334510 0.150423 0.029652 0.061554
2 0.289671 0.123904 0.026659 0.048938
2 0.370084 0.087089 0.022608 0.039011
2 0.401320 0.137080 0.029227 0.045144
2 0.239368 0.164178 0.031303 0.045762
2 0.294755 0.066209 0.019482 0.039072
2 0.384382 0.112918 0.020941 0.041213
2 0.317849 0.042097 0.014928 0.023787
0 0.103000 0.571296 0.010205 0.047192
2 0.353781 0.045960 0.021656 0.035383
25 0.972010 0.129285 0.055287 0.044736
0 0.122271 0.532958 0.008830 0.043539
