5 0.300497 0.453532 0.130157 0.396407
2 0.482152 0.429866 0.052002 0.111000
2 0.137691 0.682822 0.119118 0.244737
2 0.440816 0.269274 0.043825 0.072949
2 0.196923 0.499360 0.083004 0.143045
7 0.284140 0.208663 0.055156 0.110042
2 0.343375 0.207863 0.035939 0.060440
2 0.399475 0.168034 0.031411 0.048627
0 0.316092 0.532736 0.023102 0.052252
2 0.326236 0.075973 0.021749 0.035064
2 0.331548 0.123479 0.025340 0.044191
2 0.237932 0.161651 0.034402 0.050180
2 0.386782 0.119734 0.026835 0.050821
2 0.319672 0.028120 0.016308 0.030200
7 0.291379 0.088105 0.027316 0.066020
2 0.373134 0.092463 0.022830 0.045260
0 0.079120 0.615156 0.011887 0.048608
0 0.102931 0.570981 0.010184 0.046683
0 0.055550 0.666785 0.013372 0.048740
2 0.292815 0.025988 0.015654 0.028233
2 0.360336 0.046630 0.018954 0.023469
2 0.362306 0.071802 0.020919 0.023397
25 0.971767 0.129202 0.055795 0.045252
