2 0.470572 0.359527 0.051750 0.105410
2 0.434986 0.221964 0.040096 0.072181
2 0.502536 0.751010 0.109930 0.285672
2 0.286841 0.193596 0.032084 0.054307
2 0.331327 0.293509 0.043919 0.084457
2 0.179244 0.547552 0.094698 0.156413
7 0.179208 0.547750 0.094848 0.156786
2 0.238521 0.164320 0.032911 0.046237
7 0.326081 0.036146 0.027911 0.064422
0 0.103219 0.572788 0.009881 0.045486
2 0.235040 0.159275 0.040087 0.054212
25 0.971469 0.129991 0.056343 0.044878
25 0.971444 0.179473 0.056425 0.144657
7 0.319635 0.034564 0.040987 0.069129
