2 0.319205 0.482837 0.064507 0.136405
2 0.480529 0.420176 0.056389 0.116579
2 0.246736 0.371909 0.061988 0.104668
2 0.433897 0.249083 0.038192 0.065084
2 0.194632 0.957881 0.109116 0.080719
2 0.040729 0.937743 0.080749 0.120278
2 0.408538 0.183914 0.034471 0.052631
5 0.341250 0.193778 0.058384 0.175067
2 0.165444 0.614793 0.104984 0.212214
2 0.236320 0.157935 0.038469 0.056944
7 0.486399 0.814734 0.142120 0.357296
2 0.326844 0.073953 0.020174 0.032935
2 0.388027 0.139720 0.026756 0.048081
2 0.321953 0.039996 0.019364 0.029044
7 0.292947 0.094080 0.035077 0.063637
2 0.383462 0.104529 0.024770 0.031279
2 0.371288 0.089586 0.021264 0.049787
25 0.972039 0.129398 0.055224 0.044640
