2 0.076648 0.849015 0.153227 0.290236
2 0.340135 0.403317 0.054335 0.117078
2 0.461109 0.310562 0.047633 0.086045
2 0.432094 0.221336 0.039771 0.068981
2 0.347854 0.271492 0.037977 0.068608
2 0.286153 0.192577 0.034650 0.059259
2 0.287529 0.673867 0.091443 0.203595
7 0.495194 0.441223 0.056939 0.147840
5 0.335103 0.130923 0.031275 0.061511
2 0.238600 0.158084 0.033236 0.057809
2 0.325161 0.052941 0.019814 0.030490
0 0.102852 0.571094 0.010241 0.048548
2 0.403340 0.157197 0.037000 0.064221
2 0.292147 0.123607 0.025524 0.041235
2 0.360211 0.056368 0.016447 0.027734
2 0.388481 0.114225 0.024227 0.037414
25 0.971492 0.129897 0.056316 0.044367
7 0.292478 0.050083 0.016146 0.032355
0 0.078770 0.615573 0.011389 0.049840
