2 0.073760 0.814544 0.147142 0.301734
2 0.507802 0.927478 0.106531 0.140852
2 0.321763 0.390208 0.056252 0.106141
2 0.288851 0.262396 0.041079 0.070477
2 0.359322 0.060755 0.019630 0.032868
2 0.194523 0.846376 0.143046 0.293330
2 0.430263 0.233239 0.040016 0.065475
7 0.286537 0.086122 0.038491 0.106713
5 0.286786 0.085849 0.038842 0.107334
2 0.235917 0.158327 0.039105 0.056567
2 0.320074 0.028226 0.014961 0.021659
0 0.103000 0.571387 0.010455 0.048065
2 0.343626 0.013659 0.015415 0.022888
25 0.971429 0.129451 0.056478 0.045049
0 0.078774 0.615426 0.011566 0.049566
2 0.292827 0.029262 0.013535 0.018605
0 0.202471 0.116516 0.008962 0.038775
