2 0.285775 0.671056 0.090630 0.193033
2 0.342542 0.454103 0.060662 0.121607
2 0.483777 0.402564 0.061022 0.107177
2 0.502172 0.718114 0.086784 0.248217
2 0.343822 0.332755 0.044644 0.091093
2 0.028195 0.949060 0.056034 0.098019
0 0.131404 0.286581 0.015655 0.053513
7 0.179135 0.920333 0.168969 0.151665
2 0.285705 0.177854 0.030688 0.051928
2 0.445354 0.247936 0.041627 0.076520
2 0.418756 0.194745 0.032165 0.054694
2 0.289346 0.109394 0.025229 0.039540
7 0.252521 0.372102 0.060213 0.113146
2 0.339604 0.137103 0.026958 0.042976
2 0.340796 0.251955 0.038158 0.086659
7 0.360296 0.042048 0.021295 0.046137
2 0.386223 0.131974 0.029051 0.048176
7 0.780182 0.952825 0.096809 0.091377
2 0.239584 0.157657 0.031435 0.056953
2 0.252565 0.371871 0.060241 0.112545
2 0.779795 0.952689 0.097439 0.091307
2 0.333220 0.105756 0.020672 0.028772
2 0.372799 0.077574 0.022751 0.036626
2 0.344326 0.211247 0.033791 0.070366
0 0.102994 0.571723 0.009885 0.045541
25 0.971807 0.129568 0.055668 0.046116
