7 0.084138 0.780067 0.167295 0.417221
2 0.499027 0.595725 0.078398 0.216143
2 0.244403 0.422172 0.072162 0.131514
2 0.266768 0.700337 0.097169 0.216304
2 0.459473 0.299614 0.046340 0.086656
7 0.387774 0.102940 0.036655 0.074643
2 0.412618 0.174687 0.037076 0.074708
7 0.316121 0.453275 0.087534 0.249458
2 0.331984 0.104905 0.024073 0.039513
2 0.238793 0.158858 0.033316 0.055046
2 0.326252 0.054657 0.017740 0.028589
2 0.292429 0.052931 0.015972 0.029301
2 0.293410 0.128248 0.028430 0.060477
2 0.339910 0.214446 0.044737 0.088187
7 0.339974 0.214471 0.044666 0.088263
