2 0.485920 0.544550 0.071621 0.188720
2 0.300433 0.678546 0.098253 0.242192
2 0.480117 0.374176 0.059578 0.111580
7 0.447890 0.256497 0.053790 0.119253
2 0.346126 0.337522 0.047724 0.095817
7 0.246381 0.377726 0.061925 0.103368
2 0.933508 0.458027 0.081231 0.135629
2 0.284723 0.202366 0.033446 0.057986
7 0.323001 0.043157 0.026309 0.065185
0 0.141809 0.270169 0.014137 0.054411
2 0.402484 0.164047 0.030917 0.049633
2 0.351081 0.256331 0.039575 0.071777
2 0.420103 0.216959 0.033542 0.058973
2 0.344859 0.199743 0.033535 0.056658
0 0.185306 0.157368 0.011054 0.039670
2 0.290732 0.117517 0.026065 0.048012
2 0.239237 0.159900 0.031734 0.053584
2 0.386608 0.122603 0.024291 0.046037
2 0.338615 0.149824 0.028297 0.055004
0 0.102328 0.330012 0.018690 0.067271
2 0.366524 0.057023 0.020321 0.038190
7 0.291541 0.052184 0.017236 0.055508
0 0.235468 0.075451 0.007236 0.029520
