2 0.485357 0.431010 0.059509 0.121083
2 0.459031 0.313057 0.048790 0.087213
2 0.495347 0.640276 0.080784 0.217638
2 0.340973 0.193021 0.031890 0.057424
7 0.315537 0.373405 0.105772 0.305718
2 0.439149 0.244862 0.042794 0.072625
2 0.402330 0.155813 0.030769 0.052495
2 0.423580 0.203379 0.035103 0.052765
2 0.238392 0.158610 0.034261 0.056179
2 0.380845 0.088494 0.024721 0.042880
2 0.365591 0.066968 0.019149 0.029157
0 0.103118 0.572276 0.010247 0.046122
2 0.939332 0.471212 0.102898 0.153964
7 0.936616 0.471426 0.097180 0.154706
0 0.149388 0.252861 0.013749 0.053659
0 0.078620 0.615983 0.011695 0.049621
2 0.352034 0.044771 0.018126 0.031357
7 0.335642 0.288870 0.063633 0.134567
2 0.321627 0.030264 0.017134 0.026462
