2 0.470342 0.352011 0.050743 0.107517
2 0.434655 0.213164 0.038716 0.066022
2 0.341692 0.281266 0.041364 0.082513
7 0.275421 0.262427 0.052196 0.101228
2 0.300115 0.498997 0.072674 0.142170
2 0.293322 0.131040 0.024836 0.041529
2 0.379320 0.088224 0.021830 0.032878
2 0.237568 0.159044 0.039100 0.057349
2 0.352055 0.027618 0.013614 0.025246
2 0.337962 0.110606 0.019147 0.036379
2 0.323017 0.035154 0.016200 0.026949
2 0.332912 0.076872 0.021201 0.033504
0 0.104639 0.571777 0.009500 0.046100
2 0.292914 0.080949 0.022691 0.034128
