2 0.494084 0.543064 0.063335 0.153950
2 0.388988 0.113768 0.025584 0.040755
2 0.433577 0.204246 0.035117 0.058222
2 0.337642 0.168447 0.028213 0.051611
2 0.208849 0.503737 0.085597 0.160159
2 0.332980 0.110336 0.023867 0.041551
2 0.285775 0.161966 0.023858 0.047446
2 0.346895 0.027893 0.015613 0.022878
2 0.324144 0.049440 0.018332 0.031018
0 0.103295 0.572732 0.010280 0.046410
2 0.327565 0.091091 0.018527 0.030624
2 0.239917 0.166135 0.030677 0.043002
0 0.078719 0.616790 0.012051 0.049929
2 0.305939 0.011987 0.015226 0.022833
2 0.238057 0.157951 0.035156 0.057683
25 0.971709 0.129892 0.055907 0.044559
