7 0.275254 0.624951 0.124307 0.264396
2 0.500439 0.591458 0.074652 0.194340
2 0.427822 0.210312 0.034526 0.060192
7 0.463327 0.321291 0.056855 0.108580
2 0.335694 0.435833 0.055660 0.113727
2 0.406726 0.152700 0.032544 0.047576
2 0.342291 0.187351 0.033292 0.054852
2 0.332359 0.115619 0.024961 0.040089
7 0.290489 0.154762 0.035024 0.078486
2 0.239486 0.157949 0.032689 0.057065
2 0.289382 0.088569 0.022541 0.034100
2 0.375216 0.082131 0.026890 0.034061
2 0.387707 0.108881 0.025301 0.038348
2 0.328186 0.067774 0.022062 0.040755
2 0.343379 0.021983 0.015672 0.024054
2 0.325494 0.042828 0.018121 0.033727
25 0.972087 0.129632 0.055141 0.045897
