2 0.511916 0.947974 0.105980 0.101073
2 0.484730 0.438697 0.057758 0.123356
2 0.463083 0.320384 0.044210 0.082394
2 0.431740 0.229682 0.040869 0.068239
2 0.226445 0.445061 0.077359 0.136485
2 0.407947 0.156217 0.031195 0.047124
2 0.287652 0.559404 0.086349 0.200639
0 0.061833 0.407146 0.018762 0.079840
2 0.291101 0.204128 0.035297 0.073133
2 0.328050 0.141062 0.029825 0.046823
2 0.237490 0.158221 0.036030 0.056576
2 0.289134 0.100386 0.021912 0.037566
2 0.375514 0.096301 0.024305 0.042980
2 0.389542 0.122566 0.025701 0.040269
0 0.102688 0.571027 0.011434 0.048392
2 0.361422 0.066563 0.021677 0.042505
2 0.326337 0.073478 0.019938 0.032519
2 0.287952 0.067232 0.020524 0.030026
25 0.972041 0.129422 0.055169 0.044479
