2 0.286732 0.194818 0.034106 0.056849
2 0.344642 0.212316 0.036418 0.061942
2 0.386473 0.111521 0.025969 0.036779
2 0.193066 0.536244 0.086645 0.153736
2 0.345523 0.023259 0.014574 0.022011
2 0.291283 0.092569 0.021906 0.035866
2 0.363142 0.061537 0.019667 0.030865
2 0.321179 0.055448 0.018229 0.029760
7 0.042169 0.896619 0.084108 0.198886
0 0.103333 0.572342 0.010284 0.046526
2 0.238483 0.158668 0.034086 0.056393
25 0.972001 0.178824 0.055307 0.144279
0 0.078762 0.616613 0.012250 0.048930
25 0.972016 0.129323 0.055218 0.044435
