2 0.251944 0.796482 0.108449 0.261277
2 0.502483 0.661365 0.085118 0.244764
2 0.476520 0.383852 0.051603 0.109918
7 0.415853 0.168473 0.051848 0.095571
7 0.304211 0.508291 0.100677 0.285476
2 0.438731 0.252340 0.047125 0.099612
5 0.336495 0.326229 0.058399 0.126623
2 0.343486 0.197622 0.033230 0.058490
7 0.146570 0.660559 0.121913 0.221959
2 0.285654 0.221519 0.038880 0.083827
2 0.338810 0.116494 0.024923 0.042144
2 0.146601 0.660822 0.122170 0.222077
2 0.291281 0.109680 0.024176 0.040517
2 0.239888 0.158643 0.031184 0.055538
0 0.305679 0.156882 0.014935 0.046516
7 0.320812 0.022339 0.018031 0.041644
25 0.972437 0.129010 0.054427 0.045288
7 0.033387 0.887677 0.066242 0.205935
