2 0.499128 0.619082 0.077778 0.198897
2 0.256428 0.828377 0.124527 0.289469
2 0.343003 0.328974 0.044141 0.088084
2 0.438044 0.242630 0.040732 0.070019
2 0.417452 0.184662 0.035150 0.061714
2 0.282071 0.251533 0.037756 0.066656
2 0.347088 0.202970 0.033907 0.066689
2 0.339099 0.143051 0.025669 0.045183
7 0.474599 0.328022 0.054446 0.109931
7 0.390433 0.132918 0.034423 0.060761
0 0.102730 0.572384 0.010935 0.046797
2 0.237142 0.158612 0.036470 0.056945
2 0.358415 0.050406 0.016093 0.028489
2 0.325952 0.064731 0.023439 0.044986
2 0.287663 0.085186 0.022434 0.032400
25 0.971449 0.130667 0.056412 0.046016
2 0.292903 0.051389 0.016647 0.025943
2 0.368911 0.065141 0.019412 0.029435
25 0.971391 0.179437 0.056510 0.143899
7 0.325842 0.064603 0.023989 0.046135
