2 0.872756 0.591379 0.115682 0.183748
2 0.503641 0.686179 0.088783 0.258562
7 0.279592 0.614381 0.128181 0.357439
2 0.482072 0.446007 0.057538 0.130765
7 0.429944 0.197681 0.058686 0.106074
2 0.459511 0.321441 0.055901 0.117614
7 0.227208 0.414735 0.076305 0.151810
2 0.343617 0.285374 0.041639 0.074204
2 0.346559 0.215781 0.035058 0.064743
2 0.277947 0.226938 0.038702 0.067478
2 0.329194 0.374972 0.070483 0.141702
2 0.291855 0.119662 0.025245 0.040586
3 0.291197 0.340782 0.018525 0.051452
0 0.290692 0.318342 0.020233 0.054122
2 0.238983 0.162059 0.032868 0.050603
7 0.330909 0.080428 0.026053 0.063740
7 0.329376 0.375119 0.069863 0.140959
0 0.079582 0.615650 0.010852 0.048245
0 0.103855 0.572194 0.009509 0.046718
2 0.291776 0.069948 0.021436 0.033383
