2 0.498797 0.831687 0.108055 0.319080
7 0.197890 0.772510 0.253491 0.435243
2 0.489855 0.485371 0.064252 0.142036
2 0.334022 0.400678 0.057666 0.114725
2 0.449009 0.271364 0.045521 0.072647
2 0.473010 0.366022 0.052983 0.107517
2 0.408835 0.173058 0.034474 0.055901
2 0.428277 0.216064 0.036937 0.062708
2 0.391743 0.112756 0.026349 0.048939
2 0.331454 0.079780 0.020015 0.033035
2 0.361322 0.066991 0.020316 0.035648
0 0.135396 0.284100 0.014974 0.055403
2 0.238820 0.163842 0.032690 0.045486
2 0.375389 0.088329 0.021220 0.039263
0 0.102845 0.571459 0.010030 0.047713
2 0.323673 0.044231 0.018670 0.037540
2 0.342498 0.015170 0.016355 0.027175
2 0.236528 0.157599 0.037799 0.057358
2 0.290129 0.035846 0.015718 0.027242
7 0.290511 0.036085 0.015939 0.028393
0 0.122216 0.533105 0.008812 0.043854
