2 0.466457 0.340273 0.050813 0.092837
2 0.488021 0.459925 0.060665 0.131901
2 0.497723 0.686971 0.086117 0.241631
2 0.345175 0.274246 0.040634 0.077017
2 0.444366 0.254716 0.044290 0.074999
2 0.406686 0.166201 0.032875 0.054358
2 0.426051 0.209824 0.034700 0.059524
7 0.247240 0.640853 0.233092 0.608946
7 0.228979 0.744276 0.197178 0.401975
7 0.807341 0.720256 0.128412 0.277710
2 0.326825 0.050537 0.018248 0.030453
2 0.238979 0.164298 0.032032 0.045187
0 0.103012 0.571363 0.010025 0.047515
2 0.387317 0.103416 0.025132 0.041671
2 0.356680 0.056719 0.020090 0.033705
2 0.319305 0.024497 0.015196 0.030412
2 0.370069 0.082917 0.018060 0.027305
0 0.143454 0.268410 0.013300 0.058867
7 0.296277 0.493795 0.136861 0.313907
0 0.078696 0.615330 0.011544 0.048325
2 0.235856 0.157642 0.038935 0.057731
