2 0.348606 0.277414 0.042483 0.075753
2 0.112496 0.728888 0.125990 0.223034
2 0.278768 0.248294 0.041513 0.070804
2 0.410662 0.171712 0.033540 0.049563
2 0.381613 0.102620 0.025113 0.038937
2 0.326063 0.089856 0.022324 0.037812
2 0.290459 0.138168 0.027230 0.043947
2 0.357001 0.049562 0.018185 0.025642
2 0.318270 0.027565 0.014864 0.027145
0 0.103343 0.572281 0.010020 0.046431
2 0.239403 0.163920 0.031349 0.046591
0 0.079043 0.617199 0.012016 0.050722
1 0.705463 0.245999 0.057452 0.078023
0 0.055389 0.666340 0.013361 0.050842
25 0.972016 0.129890 0.055268 0.044934
2 0.237047 0.157773 0.036766 0.057310
