2 0.295678 0.703108 0.099858 0.222547
2 0.325332 0.500451 0.064972 0.139137
2 0.489602 0.537285 0.062197 0.145880
2 0.435462 0.260718 0.044351 0.087845
2 0.330738 0.382869 0.054789 0.118775
2 0.349328 0.300968 0.044453 0.089530
2 0.415622 0.189441 0.035443 0.060935
0 0.007238 0.395552 0.014476 0.078344
2 0.289328 0.207470 0.035429 0.056471
0 0.162755 0.214499 0.013390 0.047506
2 0.228809 0.437695 0.073539 0.119669
2 0.349073 0.219351 0.034794 0.056662
2 0.236925 0.158043 0.037144 0.058134
7 0.394850 0.122433 0.033863 0.070489
2 0.292574 0.090035 0.022724 0.039206
0 0.102725 0.572078 0.010583 0.047097
2 0.344909 0.168529 0.030487 0.050242
2 0.361566 0.062862 0.019839 0.027098
2 0.350876 0.031981 0.015810 0.027402
25 0.971341 0.130836 0.056640 0.045184
25 0.971270 0.179914 0.056757 0.143342
2 0.377011 0.097533 0.018249 0.033599
7 0.318523 0.016909 0.020414 0.033817
2 0.336560 0.128018 0.026094 0.054985
