2 0.484168 0.550001 0.070782 0.173425
2 0.240047 0.764726 0.113159 0.249862
7 0.896454 0.507486 0.144714 0.262670
2 0.228468 0.440201 0.065836 0.112972
2 0.334499 0.353034 0.049579 0.092124
2 0.460341 0.312238 0.049963 0.092334
2 0.273383 0.304790 0.043655 0.078489
2 0.408652 0.177810 0.035132 0.053245
2 0.339482 0.215909 0.034838 0.063091
2 0.335381 0.137132 0.026593 0.046527
2 0.385799 0.119610 0.027084 0.044537
2 0.292340 0.151604 0.029320 0.047124
2 0.367213 0.067165 0.021230 0.030040
2 0.333155 0.084817 0.021705 0.036484
0 0.184375 0.162404 0.009353 0.041184
0 0.102648 0.571620 0.010822 0.047210
2 0.324400 0.049469 0.020473 0.031347
2 0.317744 0.017294 0.013633 0.021178
2 0.239215 0.161001 0.032687 0.050624
0 0.122348 0.532911 0.009096 0.044212
