2 0.491474 0.470504 0.054819 0.126298
7 0.317826 0.403758 0.062067 0.145760
2 0.332705 0.120570 0.025896 0.042623
2 0.237306 0.158633 0.038472 0.056865
2 0.348848 0.027790 0.015080 0.025274
5 0.284583 0.178596 0.066792 0.204604
2 0.397206 0.126649 0.029129 0.055413
2 0.325705 0.040177 0.020330 0.047025
2 0.295864 0.035414 0.015734 0.024561
7 0.325321 0.037932 0.021010 0.051393
7 0.284012 0.178469 0.066340 0.204013
0 0.104379 0.572308 0.008991 0.045396
25 0.971656 0.129456 0.056004 0.044836
0 0.154302 0.469728 0.007941 0.036539
