2 0.503958 0.664399 0.084027 0.216598
2 0.481604 0.424106 0.056495 0.117208
2 0.460781 0.304230 0.048107 0.083606
2 0.434777 0.235809 0.036287 0.061873
2 0.341466 0.170716 0.027957 0.050937
2 0.412801 0.182588 0.034217 0.058835
2 0.239357 0.157939 0.032392 0.056071
2 0.399217 0.134077 0.028189 0.044730
2 0.382373 0.109425 0.020264 0.041362
2 0.289663 0.085374 0.020474 0.039721
2 0.330554 0.104170 0.024218 0.051996
2 0.367752 0.080687 0.021925 0.037226
0 0.111558 0.318139 0.014019 0.062423
0 0.103080 0.570936 0.010694 0.047765
2 0.349664 0.037093 0.018991 0.033606
0 0.122146 0.532393 0.008760 0.044484
0 0.078662 0.615359 0.011830 0.048865
2 0.315223 0.018349 0.014142 0.031349
