2 0.276464 0.749377 0.109229 0.254450
2 0.489074 0.617544 0.082253 0.193723
7 0.468762 0.323656 0.072266 0.162142
2 0.487346 0.457246 0.068342 0.162527
2 0.247170 0.384647 0.065963 0.116497
2 0.160293 0.632751 0.116374 0.195356
7 0.339245 0.306361 0.053303 0.152420
2 0.386955 0.112059 0.025588 0.039223
2 0.285904 0.212692 0.034240 0.063219
2 0.345695 0.199450 0.032068 0.053509
2 0.287084 0.139893 0.025527 0.056141
2 0.361168 0.066978 0.018447 0.020133
3 0.282803 0.275159 0.016862 0.058212
2 0.240545 0.165258 0.029846 0.045068
2 0.339377 0.153892 0.026028 0.054902
2 0.291181 0.092448 0.020381 0.036458
0 0.079598 0.616266 0.010898 0.047631
2 0.295451 0.053483 0.016972 0.029774
2 0.353132 0.042732 0.014262 0.015816
25 0.972507 0.130180 0.054337 0.046602
