2 0.500172 0.571239 0.072225 0.165651
2 0.471893 0.348325 0.052491 0.097820
2 0.320604 0.387775 0.055527 0.099327
2 0.421295 0.204006 0.037183 0.060630
2 0.446124 0.267615 0.041470 0.070196
2 0.289357 0.184200 0.031942 0.058189
2 0.337545 0.218594 0.038893 0.079304
2 0.239342 0.158052 0.032431 0.055845
2 0.320027 0.066103 0.020063 0.028101
2 0.372967 0.090574 0.025067 0.042768
2 0.294798 0.097200 0.024492 0.046701
2 0.356409 0.052187 0.021770 0.038740
7 0.402581 0.134270 0.028961 0.059103
0 0.103080 0.570748 0.010389 0.048136
2 0.385083 0.114543 0.019300 0.042740
2 0.402564 0.136446 0.028911 0.055826
25 0.972203 0.129238 0.054902 0.044872
