2 0.491921 0.559111 0.070794 0.165734
7 0.193492 0.512624 0.090433 0.175034
2 0.477272 0.389704 0.049933 0.102443
2 0.326349 0.314870 0.044730 0.083885
2 0.449320 0.285082 0.044887 0.081664
0 0.024958 0.469491 0.024018 0.086128
2 0.923890 0.456323 0.096294 0.120311
7 0.420577 0.175608 0.035277 0.068786
2 0.284111 0.196581 0.032196 0.057963
2 0.342040 0.151619 0.026465 0.045290
2 0.286771 0.130922 0.025966 0.041084
2 0.397151 0.134959 0.028724 0.047611
3 0.304302 0.231909 0.015678 0.047264
2 0.379993 0.105114 0.026812 0.043985
2 0.239056 0.158313 0.032343 0.057099
2 0.336103 0.105824 0.024016 0.033956
0 0.102981 0.571932 0.010340 0.046195
2 0.328778 0.064281 0.016018 0.026980
2 0.317208 0.019812 0.013569 0.019355
7 0.365966 0.076067 0.025118 0.044837
2 0.348298 0.021266 0.015326 0.018926
2 0.320322 0.049146 0.015473 0.028034
