2 0.497133 0.546407 0.068331 0.175847
2 0.312284 0.429530 0.064328 0.128775
2 0.342417 0.227750 0.032801 0.062939
2 0.314451 0.152365 0.028610 0.047021
2 0.404909 0.168529 0.031834 0.051357
2 0.237119 0.389447 0.066297 0.123118
7 0.287005 0.056919 0.033288 0.087708
2 0.186280 0.884575 0.139738 0.222202
2 0.347980 0.032019 0.016871 0.028173
2 0.239117 0.158578 0.032091 0.056159
0 0.102912 0.571939 0.010272 0.046915
0 0.204924 0.110179 0.007508 0.035870
0 0.078851 0.615715 0.011425 0.049758
0 0.054478 0.666257 0.012812 0.049077
2 0.303278 0.007239 0.014195 0.014479
25 0.971482 0.129393 0.056364 0.045081
