2 0.266720 0.763910 0.108328 0.238746
2 0.844304 0.633635 0.122280 0.203155
2 0.349277 0.362599 0.051191 0.109508
2 0.325401 0.455298 0.061994 0.146692
2 0.446591 0.265550 0.045065 0.079454
2 0.464505 0.361448 0.052962 0.115955
2 0.268484 0.308993 0.047838 0.090243
0 0.078209 0.331987 0.017036 0.065781
0 0.033796 0.413631 0.021593 0.078436
7 0.416728 0.178074 0.041384 0.089815
2 0.351033 0.266390 0.039056 0.060332
0 0.173071 0.187785 0.012251 0.041767
7 0.321598 0.032949 0.024163 0.065588
2 0.366896 0.070495 0.020172 0.033959
2 0.380214 0.104248 0.023630 0.039710
2 0.340087 0.156057 0.026151 0.048270
2 0.236050 0.158440 0.038386 0.057565
2 0.348980 0.202601 0.035743 0.057174
0 0.102817 0.572537 0.010649 0.046514
2 0.395433 0.152136 0.021498 0.046207
2 0.292162 0.082034 0.023504 0.042022
