2 0.510556 0.599239 0.071706 0.184381
7 0.315734 0.452315 0.082853 0.173460
2 0.223369 0.903699 0.128755 0.185256
2 0.478462 0.387518 0.056770 0.120925
2 0.346969 0.302717 0.041830 0.076421
2 0.415340 0.173056 0.031849 0.053888
7 0.445043 0.266364 0.053862 0.094002
2 0.221476 0.447244 0.073919 0.133354
2 0.329582 0.102280 0.024402 0.038589
2 0.367586 0.071312 0.020367 0.032412
2 0.237238 0.158103 0.036825 0.057687
2 0.394234 0.122661 0.028436 0.040516
2 0.322751 0.053498 0.017552 0.025196
7 0.289146 0.078198 0.026084 0.056868
2 0.379435 0.090520 0.023589 0.033653
25 0.972151 0.130004 0.055044 0.045156
2 0.319721 0.017537 0.016646 0.031479
