2 0.509164 0.578257 0.071681 0.199296
2 0.261448 0.809102 0.120008 0.273396
2 0.486854 0.413911 0.057533 0.115566
2 0.458952 0.298897 0.047654 0.090342
2 0.203235 0.508778 0.089221 0.156894
2 0.277585 0.282531 0.044265 0.075372
2 0.328524 0.472826 0.062969 0.128141
7 0.344186 0.233160 0.043168 0.090786
2 0.920293 0.545592 0.108459 0.154084
2 0.336009 0.130194 0.025045 0.042794
2 0.418010 0.192974 0.043205 0.072588
2 0.235860 0.157914 0.039878 0.057542
2 0.397000 0.130893 0.027531 0.043403
0 0.103231 0.572076 0.010189 0.046585
2 0.288426 0.120670 0.024604 0.047640
2 0.317584 0.016602 0.015181 0.022401
2 0.362022 0.060705 0.015992 0.030894
2 0.382560 0.097425 0.022917 0.035991
2 0.371485 0.073614 0.018840 0.034032
