2 0.474903 0.358158 0.054091 0.101976
2 0.314806 0.560356 0.074959 0.169857
2 0.204100 0.948110 0.116328 0.099589
2 0.342545 0.369057 0.049211 0.097141
2 0.269855 0.299620 0.049736 0.084923
2 0.503585 0.511705 0.064659 0.171082
2 0.290055 0.184175 0.031559 0.053687
2 0.444829 0.254699 0.044565 0.079848
7 0.409466 0.173216 0.040677 0.069436
2 0.236255 0.158115 0.038773 0.057222
2 0.330069 0.086800 0.019707 0.035453
5 0.340130 0.177456 0.036331 0.075141
0 0.102982 0.570917 0.010168 0.048130
2 0.392476 0.123112 0.026316 0.037341
2 0.290748 0.080339 0.019976 0.037930
7 0.340242 0.177419 0.036308 0.074527
25 0.971554 0.130040 0.056211 0.044519
25 0.971515 0.179126 0.056268 0.143429
2 0.370502 0.072510 0.018659 0.031135
