2 0.467031 0.348543 0.050885 0.103817
2 0.280865 0.230975 0.038709 0.075475
2 0.339413 0.141428 0.025108 0.046467
2 0.337274 0.267499 0.043581 0.083379
2 0.320537 0.089111 0.023840 0.036170
2 0.384225 0.117586 0.026597 0.043123
7 0.289287 0.036745 0.025760 0.067993
7 0.318457 0.445132 0.062768 0.151274
2 0.239432 0.164371 0.031090 0.045505
2 0.318496 0.445016 0.063057 0.151520
2 0.339724 0.012039 0.015448 0.023614
0 0.206836 0.105736 0.007929 0.033255
0 0.102894 0.571505 0.009866 0.047234
25 0.971402 0.129477 0.056503 0.044676
2 0.236336 0.157622 0.038209 0.058016
25 0.971380 0.178691 0.056556 0.144167
