2 0.497922 0.565043 0.066797 0.162609
2 0.853486 0.640051 0.122340 0.219259
2 0.295715 0.628698 0.084230 0.174690
2 0.136143 0.658917 0.120978 0.203227
2 0.345421 0.430080 0.057986 0.115023
2 0.466927 0.331623 0.053536 0.085296
2 0.344622 0.315662 0.044017 0.086897
7 0.173119 0.935634 0.152258 0.125509
2 0.431818 0.216692 0.037698 0.062335
0 0.114050 0.303083 0.016859 0.053796
7 0.204865 0.858425 0.152022 0.198689
2 0.411826 0.173855 0.031264 0.050650
7 0.189128 0.878261 0.184502 0.232542
2 0.378167 0.110756 0.026232 0.046812
2 0.341969 0.234756 0.034884 0.078752
2 0.282494 0.262784 0.039146 0.057365
2 0.367381 0.065285 0.020525 0.032455
2 0.336429 0.117674 0.024547 0.040613
2 0.288523 0.125997 0.025016 0.043210
2 0.238667 0.163280 0.032976 0.046549
7 0.355295 0.031304 0.019510 0.044668
2 0.290828 0.076619 0.019980 0.032175
2 0.329974 0.085233 0.019535 0.027926
