5 0.278793 0.187892 0.060974 0.178242
2 0.478340 0.417691 0.055656 0.125572
2 0.361664 0.059087 0.020144 0.030182
2 0.330082 0.083274 0.021339 0.037756
2 0.398373 0.139968 0.031256 0.052362
2 0.239829 0.158044 0.031774 0.056854
2 0.344663 0.021233 0.015002 0.018584
2 0.322687 0.041461 0.016667 0.019082
0 0.102887 0.572331 0.009634 0.046167
2 0.320543 0.066861 0.020058 0.030893
2 0.292233 0.069811 0.018370 0.030938
2 0.316461 0.022459 0.013420 0.014895
0 0.196674 0.126372 0.008391 0.033359
0 0.054573 0.666807 0.012313 0.048528
25 0.971454 0.129465 0.056379 0.044618
2 0.335440 0.006720 0.013265 0.013439
25 0.971428 0.178819 0.056445 0.144394
