2 0.238317 0.807889 0.128609 0.292990
2 0.338563 0.179964 0.030762 0.053501
2 0.321575 0.045129 0.017974 0.031565
7 0.288456 0.110176 0.041066 0.095581
2 0.345158 0.023096 0.014023 0.020818
2 0.238951 0.164517 0.032232 0.045882
0 0.102935 0.571413 0.010763 0.047770
0 0.078734 0.615819 0.011709 0.049265
7 0.286304 0.049944 0.033409 0.059400
25 0.971751 0.129559 0.055816 0.044896
0 0.054621 0.666487 0.013120 0.050721
25 0.971625 0.178481 0.055943 0.142381
3 0.260543 0.328496 0.024822 0.069464
2 0.235291 0.157089 0.039735 0.048686
