2 0.247662 0.740739 0.107504 0.243793
7 0.245661 0.357288 0.087450 0.213362
2 0.409356 0.177712 0.031270 0.051016
2 0.329041 0.086732 0.021433 0.036201
2 0.348863 0.030795 0.015111 0.024555
2 0.292516 0.076995 0.020364 0.033923
2 0.239592 0.159283 0.032088 0.054060
2 0.317818 0.017726 0.014837 0.021818
25 0.972451 0.130326 0.054403 0.045247
2 0.290946 0.027161 0.013411 0.019026
0 0.102995 0.571240 0.009965 0.046855
25 0.972317 0.179677 0.054674 0.144711
2 0.340292 0.004570 0.013900 0.009140
1 0.706081 0.246464 0.060728 0.080056
