2 0.075118 0.850496 0.149905 0.289580
2 0.489065 0.617986 0.082176 0.193541
7 0.468739 0.324965 0.072469 0.161636
2 0.216241 0.953374 0.108540 0.090359
2 0.486990 0.456053 0.069517 0.164483
7 0.327249 0.379968 0.069084 0.185161
2 0.280689 0.260465 0.040780 0.074161
2 0.210588 0.483299 0.085795 0.151616
2 0.398819 0.143028 0.029984 0.046293
2 0.348806 0.227316 0.033192 0.058878
2 0.284244 0.174718 0.030886 0.065025
2 0.370448 0.085804 0.020890 0.024262
3 0.265312 0.347932 0.020552 0.052626
2 0.288974 0.119368 0.024034 0.042599
0 0.079414 0.616238 0.011322 0.049718
0 0.056180 0.666552 0.014002 0.050617
2 0.240044 0.163987 0.030505 0.048028
2 0.341250 0.175387 0.028952 0.064381
2 0.358835 0.056803 0.017241 0.023017
2 0.955084 0.411920 0.036201 0.041430
2 0.296490 0.076271 0.019032 0.034545
2 0.316875 0.012335 0.013428 0.023467
2 0.331803 0.088949 0.020387 0.036815
0 0.103704 0.571964 0.009210 0.046354
2 0.238354 0.158011 0.035009 0.058714
0 0.264313 0.327884 0.020104 0.053058
25 0.972590 0.129917 0.054183 0.045411
2 0.348699 0.035698 0.013309 0.023892
