7 0.138105 0.639878 0.275236 0.693540
2 0.304844 0.552882 0.081296 0.176661
2 0.306688 0.316401 0.045778 0.087203
2 0.471660 0.343950 0.052310 0.120193
2 0.291484 0.152228 0.028637 0.050874
7 0.342375 0.171672 0.038530 0.105512
2 0.393941 0.127991 0.028298 0.046644
2 0.239618 0.158415 0.031882 0.054468
2 0.367481 0.063805 0.022184 0.035411
2 0.327748 0.057460 0.024306 0.042887
7 0.348942 0.018636 0.022378 0.037271
2 0.316384 0.022519 0.014487 0.021507
2 0.293614 0.032321 0.015626 0.031326
25 0.972158 0.129100 0.055018 0.045440
