7 0.247269 0.746009 0.145694 0.336274
7 0.261777 0.302980 0.062591 0.132404
2 0.351486 0.281148 0.039754 0.073012
2 0.321638 0.514966 0.066368 0.135240
7 0.484036 0.441406 0.068231 0.154302
2 0.419286 0.190076 0.036964 0.052716
2 0.287763 0.163107 0.028993 0.049005
2 0.342536 0.187023 0.031704 0.054891
0 0.037602 0.377750 0.016717 0.061247
2 0.399695 0.137290 0.028763 0.044469
2 0.239320 0.157507 0.032522 0.056554
2 0.446585 0.263819 0.039453 0.072534
0 0.103229 0.571848 0.010184 0.045814
2 0.381240 0.103920 0.023569 0.036849
2 0.344532 0.128461 0.026362 0.051256
2 0.333785 0.095662 0.023322 0.040042
2 0.320618 0.028848 0.016075 0.022314
7 0.446658 0.264077 0.039163 0.072342
2 0.353081 0.048142 0.019299 0.025217
0 0.122239 0.532545 0.008603 0.044133
2 0.293320 0.062823 0.018478 0.032917
