7 0.295284 0.550035 0.104218 0.221507
2 0.488666 0.454527 0.060464 0.139241
2 0.503872 0.810766 0.110251 0.285727
2 0.345381 0.365226 0.046498 0.095288
2 0.420859 0.191992 0.032735 0.053754
7 0.453470 0.291810 0.057081 0.099681
2 0.335742 0.143223 0.028809 0.045389
2 0.209344 0.970473 0.101300 0.053398
7 0.065831 0.863549 0.131513 0.266391
2 0.399673 0.137276 0.029339 0.042100
2 0.235897 0.158706 0.039302 0.056993
2 0.326852 0.082612 0.020380 0.034428
2 0.369060 0.075690 0.020111 0.033193
2 0.383166 0.098913 0.023873 0.034944
2 0.290177 0.063839 0.019635 0.029635
25 0.971820 0.129655 0.055670 0.044667
2 0.289161 0.119123 0.031346 0.051883
25 0.971754 0.179029 0.055803 0.144607
2 0.324983 0.046541 0.020152 0.024306
