2 0.490660 0.599832 0.079057 0.209788
7 0.844314 0.611477 0.158756 0.325971
2 0.487678 0.404361 0.058400 0.121333
7 0.454993 0.276754 0.057432 0.128590
2 0.350455 0.277098 0.042508 0.077051
7 0.151868 0.583396 0.155854 0.331170
2 0.341634 0.377032 0.052215 0.108767
2 0.271978 0.291633 0.045308 0.076076
2 0.407100 0.175225 0.031143 0.053279
2 0.238325 0.886508 0.139249 0.218038
0 0.148845 0.255350 0.013619 0.051041
7 0.323061 0.046588 0.026394 0.069454
0 0.118295 0.317519 0.020043 0.066591
2 0.287857 0.167099 0.030307 0.059497
2 0.422363 0.231847 0.029142 0.063730
2 0.346554 0.213729 0.033719 0.058502
2 0.239120 0.158362 0.031899 0.056181
2 0.339548 0.152795 0.029278 0.054443
2 0.391154 0.133459 0.025939 0.045955
0 0.185997 0.151966 0.009698 0.037320
0 0.099714 0.300118 0.015838 0.058481
2 0.371631 0.070925 0.021324 0.042912
