2 0.488913 0.619305 0.081861 0.191213
2 0.838605 0.662067 0.106664 0.198944
2 0.081055 0.816577 0.157702 0.288831
2 0.302629 0.653412 0.088997 0.199669
2 0.486768 0.455301 0.069654 0.166736
7 0.190702 0.511594 0.088231 0.169604
7 0.468410 0.324603 0.071390 0.160514
2 0.254040 0.343819 0.050111 0.092793
2 0.336030 0.353225 0.052033 0.117604
2 0.287779 0.254144 0.039436 0.075893
2 0.348851 0.253643 0.039410 0.088493
2 0.410441 0.181588 0.030902 0.052232
2 0.437605 0.247596 0.039558 0.068169
7 0.315524 0.020287 0.024083 0.040575
2 0.293714 0.145368 0.027096 0.056238
2 0.344388 0.186580 0.030531 0.053181
0 0.079499 0.617433 0.011612 0.048296
0 0.110977 0.973777 0.054278 0.048813
2 0.391812 0.138710 0.028398 0.046052
2 0.239734 0.167159 0.031482 0.040777
2 0.376529 0.108808 0.024440 0.039828
2 0.351183 0.027705 0.016311 0.026091
2 0.352042 0.064006 0.019317 0.028725
25 0.972264 0.130609 0.054816 0.045247
1 0.705821 0.246801 0.059622 0.080022
