2 0.217073 0.911636 0.133730 0.169288
2 0.499062 0.503207 0.067010 0.145309
2 0.457175 0.318292 0.046672 0.090165
2 0.258208 0.356236 0.056866 0.095692
2 0.340489 0.296986 0.043955 0.081543
2 0.413909 0.183043 0.032153 0.053682
2 0.370678 0.084633 0.022385 0.034855
2 0.335645 0.146593 0.026694 0.051408
7 0.164756 0.586608 0.110215 0.191279
0 0.078806 0.616089 0.011866 0.049491
2 0.237623 0.163174 0.035417 0.047877
0 0.103417 0.571893 0.010064 0.046642
0 0.054964 0.666581 0.013081 0.049477
7 0.295144 0.027218 0.021749 0.031768
25 0.971626 0.129556 0.056076 0.044742
