7 0.160464 0.606688 0.141943 0.245258
2 0.316638 0.544000 0.074007 0.164413
2 0.487152 0.493683 0.066547 0.150237
2 0.490341 0.909543 0.087981 0.174728
2 0.430988 0.222593 0.038638 0.063373
2 0.343788 0.237404 0.036136 0.064873
2 0.411076 0.172144 0.033912 0.058020
2 0.341958 0.147533 0.028169 0.053120
2 0.290090 0.161612 0.029075 0.048001
2 0.469893 0.302451 0.048071 0.102723
7 0.386831 0.125306 0.030992 0.057501
2 0.333238 0.104085 0.021788 0.036783
2 0.239084 0.158320 0.033019 0.056674
25 0.971534 0.179214 0.056243 0.144182
25 0.971544 0.130213 0.056133 0.044168
2 0.356743 0.042434 0.016655 0.028728
2 0.323440 0.041590 0.021073 0.040300
