2 0.477235 0.443967 0.060742 0.146952
2 0.342411 0.438854 0.059203 0.138119
2 0.464222 0.314716 0.051943 0.091678
2 0.289809 0.649380 0.092804 0.225717
2 0.034535 0.937772 0.068830 0.119797
2 0.349820 0.293806 0.042373 0.084672
7 0.431911 0.214985 0.047475 0.101591
0 0.069833 0.371264 0.020718 0.072781
2 0.349709 0.230083 0.036629 0.064022
0 0.113826 0.298154 0.015899 0.061669
2 0.343771 0.176634 0.030378 0.061354
7 0.322689 0.040834 0.024858 0.063863
2 0.291485 0.169572 0.034584 0.060850
0 0.179301 0.172164 0.011254 0.041339
2 0.239789 0.159311 0.030970 0.056395
0 0.102642 0.571389 0.010345 0.048558
2 0.391677 0.134262 0.026699 0.046594
2 0.377730 0.097534 0.022991 0.037679
7 0.406421 0.188676 0.023384 0.053407
2 0.406153 0.188278 0.022889 0.053964
25 0.971531 0.179769 0.056248 0.143623
0 0.054520 0.666956 0.012706 0.049042
25 0.971563 0.130942 0.056155 0.045732
2 0.334325 0.129813 0.024931 0.051691
7 0.354105 0.028380 0.016892 0.032339
0 0.122382 0.532860 0.008942 0.043958
