5 0.182805 0.473921 0.224521 0.471860
2 0.504072 0.865396 0.105345 0.261844
2 0.341285 0.201507 0.033272 0.059100
2 0.290323 0.143609 0.025755 0.043482
2 0.333256 0.154579 0.028623 0.045593
2 0.362646 0.063809 0.020386 0.031696
2 0.329898 0.100052 0.022500 0.038215
2 0.392844 0.128852 0.029021 0.046764
2 0.291229 0.098156 0.021425 0.033681
2 0.324202 0.063255 0.018031 0.029104
2 0.448967 0.261001 0.043011 0.079893
2 0.349192 0.034540 0.015962 0.024960
2 0.239446 0.160142 0.032351 0.052694
2 0.320576 0.035531 0.015506 0.022628
25 0.971655 0.129669 0.056006 0.045149
