2 0.073569 0.824336 0.147138 0.275634
2 0.323006 0.500275 0.067470 0.141999
2 0.492735 0.560612 0.073510 0.183626
2 0.475578 0.368362 0.055395 0.101034
7 0.342593 0.169588 0.050973 0.132495
2 0.433198 0.230436 0.039199 0.065092
2 0.414788 0.181556 0.030352 0.055801
2 0.452391 0.289508 0.047540 0.085278
0 0.156694 0.228112 0.011569 0.052655
2 0.235723 0.158408 0.039486 0.057092
2 0.389607 0.123150 0.027573 0.045167
0 0.102847 0.571770 0.010052 0.047373
0 0.078768 0.615629 0.011642 0.050023
2 0.365056 0.055865 0.018219 0.036788
2 0.328227 0.091967 0.021367 0.032073
2 0.342369 0.023937 0.013906 0.023003
0 0.122231 0.531988 0.008907 0.045585
25 0.971829 0.129766 0.055659 0.044555
2 0.352757 0.043779 0.013340 0.023008
