7 0.258775 0.320359 0.085534 0.156636
2 0.496270 0.497174 0.065901 0.141544
2 0.331614 0.449188 0.061300 0.128065
2 0.188110 0.525394 0.090434 0.154110
2 0.449123 0.288229 0.045471 0.077440
2 0.106908 0.754351 0.135688 0.261394
7 0.283970 0.182501 0.041463 0.101950
2 0.340381 0.228210 0.034753 0.068302
2 0.390479 0.145784 0.028770 0.045734
2 0.418665 0.198360 0.039549 0.067785
2 0.332923 0.139121 0.028452 0.048619
2 0.236254 0.157732 0.038749 0.057564
0 0.078975 0.615494 0.011644 0.049012
2 0.379930 0.097976 0.023028 0.038306
2 0.290687 0.042470 0.016444 0.025404
7 0.104348 0.937980 0.208419 0.116319
2 0.290585 0.091714 0.023370 0.047482
2 0.328319 0.057255 0.018237 0.026969
2 0.104647 0.937656 0.208879 0.115058
25 0.971883 0.129469 0.055590 0.045585
