2 0.244274 0.877590 0.128704 0.236613
2 0.488599 0.618130 0.082176 0.192421
2 0.780871 0.923476 0.118726 0.148382
7 0.144231 0.621210 0.110342 0.213008
2 0.487392 0.455526 0.069903 0.166079
2 0.236304 0.406151 0.060832 0.109177
2 0.322736 0.430028 0.062777 0.142707
2 0.041465 0.934107 0.082274 0.126732
2 0.275966 0.313554 0.047333 0.090549
2 0.348076 0.294599 0.045676 0.103596
7 0.468571 0.324496 0.071531 0.159687
7 0.317519 0.027487 0.026934 0.054975
2 0.413340 0.191584 0.031435 0.051980
2 0.439598 0.253571 0.039082 0.069868
2 0.347623 0.214695 0.034684 0.058921
2 0.396783 0.151121 0.031303 0.050666
2 0.349844 0.078909 0.020466 0.033324
0 0.167768 0.601494 0.011522 0.053436
2 0.286589 0.201257 0.032640 0.070452
2 0.235811 0.158440 0.040755 0.057184
2 0.343861 0.166522 0.032508 0.050011
2 0.380362 0.120132 0.024257 0.042897
2 0.354373 0.037759 0.016599 0.027014
25 0.972358 0.129591 0.054626 0.044823
