2 0.495598 0.477702 0.066955 0.158901
2 0.212495 0.443030 0.073095 0.120193
2 0.464225 0.321019 0.049276 0.103489
2 0.139746 0.969160 0.109396 0.058545
2 0.333042 0.244653 0.041158 0.078716
2 0.291572 0.129408 0.029507 0.050579
2 0.237845 0.143053 0.032912 0.047150
2 0.296832 0.048050 0.021758 0.030960
2 0.320782 0.019753 0.016651 0.025920
0 0.077633 0.595878 0.012776 0.046983
25 0.970819 0.158631 0.057655 0.145357
0 0.137017 0.479152 0.010113 0.039664
25 0.970603 0.109962 0.057945 0.046311
0 0.102050 0.552404 0.009908 0.045244
0 0.053570 0.645948 0.013938 0.048737
