2 0.800954 0.717985 0.130831 0.249022
2 0.486715 0.708285 0.090954 0.240227
2 0.483800 0.456644 0.061573 0.143800
2 0.257262 0.345526 0.055943 0.092111
2 0.322729 0.453989 0.063106 0.136100
2 0.462676 0.313590 0.051731 0.086381
2 0.345505 0.265525 0.039854 0.070322
2 0.903699 0.502363 0.087529 0.131717
2 0.340829 0.185627 0.032143 0.057725
2 0.430563 0.232305 0.040838 0.067743
2 0.403307 0.155838 0.031227 0.050851
2 0.282059 0.230563 0.036726 0.066080
2 0.181913 0.545257 0.104139 0.192513
2 0.374636 0.080234 0.021556 0.032969
2 0.236893 0.158146 0.037582 0.057124
0 0.174535 0.184705 0.010969 0.050080
2 0.292930 0.132088 0.027199 0.045414
2 0.333007 0.092864 0.021871 0.036881
2 0.351696 0.033667 0.016907 0.027119
7 0.321432 0.026167 0.024264 0.052334
