5 0.336350 0.248721 0.070912 0.211492
2 0.492593 0.530537 0.068145 0.150758
2 0.226381 0.426266 0.071047 0.125928
2 0.273775 0.687337 0.099100 0.213061
2 0.448261 0.289647 0.042291 0.075621
2 0.416269 0.202646 0.037588 0.057425
2 0.149202 0.655035 0.113592 0.229812
2 0.032423 0.959452 0.064532 0.076325
2 0.323331 0.049929 0.019611 0.033888
2 0.389091 0.141536 0.026211 0.045189
2 0.239810 0.164312 0.030486 0.045731
2 0.327927 0.089605 0.021555 0.035545
2 0.316608 0.014247 0.013234 0.025429
2 0.383183 0.107337 0.024201 0.037078
7 0.290885 0.128546 0.041020 0.074692
2 0.339610 0.132192 0.024014 0.024185
0 0.079313 0.615723 0.011167 0.047884
2 0.359003 0.052186 0.020877 0.042450
7 0.291748 0.038547 0.020062 0.049402
2 0.371417 0.091718 0.020903 0.044450
25 0.971932 0.129561 0.055428 0.044836
25 0.971746 0.178192 0.055702 0.141819
