2 0.287972 0.634622 0.093135 0.197203
2 0.493687 0.538282 0.070472 0.166905
2 0.477849 0.394570 0.053727 0.108210
2 0.455297 0.285877 0.046597 0.079562
2 0.410423 0.176837 0.033548 0.058459
2 0.431328 0.224733 0.036389 0.061038
2 0.336944 0.116854 0.022485 0.041204
2 0.327001 0.070294 0.020214 0.042051
2 0.346195 0.026564 0.017598 0.027723
2 0.290183 0.058495 0.018052 0.029522
2 0.364888 0.074631 0.021844 0.036343
2 0.239087 0.158514 0.032950 0.055491
0 0.102975 0.571551 0.010412 0.046897
0 0.078605 0.615484 0.011975 0.049565
2 0.379522 0.099485 0.022279 0.037813
2 0.396427 0.123890 0.027989 0.050722
0 0.123912 0.300764 0.015634 0.060280
0 0.122198 0.532638 0.009032 0.044885
