2 0.488863 0.619014 0.081460 0.191840
2 0.486838 0.455726 0.069426 0.167146
2 0.295726 0.547250 0.081791 0.185987
2 0.264783 0.357283 0.054211 0.105737
2 0.343607 0.343747 0.052829 0.120345
7 0.468779 0.324769 0.071482 0.159788
7 0.086680 0.751286 0.140050 0.268758
2 0.889213 0.536070 0.109477 0.152346
2 0.349716 0.240455 0.037036 0.073096
2 0.216798 0.464396 0.070406 0.124894
2 0.415548 0.197168 0.031346 0.052707
2 0.439056 0.256014 0.035666 0.069573
7 0.318414 0.035968 0.031732 0.071936
2 0.342891 0.096707 0.024667 0.036306
2 0.402188 0.162333 0.033134 0.048765
2 0.346274 0.186130 0.031972 0.056538
7 0.275136 0.264016 0.042608 0.084202
2 0.239664 0.165146 0.031304 0.044236
2 0.337450 0.146003 0.025583 0.046408
2 0.384311 0.132689 0.025361 0.041929
2 0.359346 0.049827 0.018875 0.031727
25 0.972419 0.130216 0.054487 0.044771
