2 0.787992 0.805050 0.124028 0.279574
2 0.488637 0.619595 0.082568 0.191910
2 0.252673 0.396633 0.061843 0.121325
2 0.486156 0.455867 0.070342 0.166950
7 0.468261 0.324991 0.071308 0.160645
2 0.349885 0.276805 0.041959 0.079409
2 0.268650 0.297571 0.046425 0.097743
2 0.936191 0.458834 0.079610 0.114911
2 0.333973 0.414091 0.062571 0.143245
2 0.191921 0.533709 0.082792 0.149003
2 0.240168 0.749299 0.118397 0.274188
7 0.049664 0.873690 0.098899 0.245357
2 0.439183 0.256321 0.036207 0.069671
2 0.348967 0.211180 0.036430 0.063112
2 0.416883 0.199916 0.032974 0.052668
2 0.339624 0.161225 0.026290 0.044911
2 0.335263 0.115999 0.022461 0.041583
7 0.317539 0.043712 0.034950 0.084093
2 0.404102 0.167972 0.034846 0.050617
1 0.704436 0.245653 0.060553 0.079720
2 0.237174 0.159387 0.037439 0.056712
2 0.386431 0.137720 0.027100 0.044329
2 0.365196 0.066075 0.022557 0.032084
0 0.103408 0.572916 0.009579 0.044907
25 0.972228 0.130290 0.054846 0.044816
0 0.079123 0.617815 0.011860 0.047947
